Frame DensityError VelocityError TargetPolarization SimulatedPolarization PolarizationError TargetAngularMomentum SimulatedAngularMomentum AngularMomentumError TargetAspectRatio SimulatedAspectRatio AspectRatioError
1 0.7372 0.1930 0.9734 0.9657 0.0077 0.0080 0.0214 0.0135 0.1978 0.3484 0.1506
2 1.5865 0.1938 0.9930 0.9530 0.0400 0.0085 0.0217 0.0132 0.1826 0.3634 0.1808
3 2.0989 0.1853 0.9930 0.9613 0.0317 0.0016 0.0136 0.0120 0.1456 0.3697 0.2241
4 2.7254 0.2196 0.9921 0.9565 0.0356 0.0024 0.0202 0.0178 0.1350 0.3831 0.2481
5 2.7023 0.2289 0.9850 0.9469 0.0381 0.0185 0.0005 0.0180 0.1758 0.4114 0.2356
6 2.5997 0.2410 0.9910 0.9261 0.0650 0.0113 0.0195 0.0082 0.1807 0.4436 0.2629
7 2.8953 0.2579 0.9745 0.9412 0.0333 0.0376 0.0243 0.0133 0.1396 0.4631 0.3234
8 2.8427 0.3096 0.9698 0.9110 0.0587 0.0503 0.0272 0.0231 0.1462 0.5097 0.3635
9 3.4478 0.2447 0.9788 0.9433 0.0355 0.0570 0.0135 0.0435 0.1519 0.5319 0.3800
10 3.3631 0.3092 0.9763 0.9222 0.0540 0.0610 0.0025 0.0584 0.1532 0.5788 0.4256
11 4.1351 0.2962 0.9762 0.9278 0.0484 0.0546 0.0173 0.0374 0.1573 0.6009 0.4436
12 3.2881 0.3229 0.9875 0.8898 0.0977 0.0631 0.0109 0.0522 0.1640 0.6536 0.4896
13 3.6220 0.2763 0.9792 0.9111 0.0681 0.0512 0.0042 0.0470 0.1709 0.6989 0.5280
14 4.1426 0.2928 0.9726 0.8920 0.0806 0.0587 0.0176 0.0411 0.1699 0.7181 0.5482
15 3.9496 0.3032 0.9801 0.9064 0.0737 0.0487 0.0085 0.0402 0.1756 0.7560 0.5804
16 3.8859 0.3046 0.9840 0.9130 0.0710 0.0440 0.0218 0.0223 0.1756 0.7338 0.5582
17 4.0731 0.3045 0.9878 0.8910 0.0968 0.0432 0.0279 0.0153 0.1894 0.7643 0.5749
18 4.8032 0.3304 0.9878 0.8892 0.0986 0.0522 0.0254 0.0268 0.1835 0.7846 0.6011
19 4.0726 0.3216 0.9860 0.9047 0.0813 0.0568 0.0331 0.0237 0.1699 0.7990 0.6290
20 4.1929 0.3481 0.9874 0.8586 0.1288 0.0652 0.0344 0.0307 0.1714 0.8316 0.6602
21 3.9906 0.3650 0.9766 0.8505 0.1261 0.0681 0.0314 0.0367 0.1858 0.8780 0.6922
22 3.7182 0.3284 0.9838 0.8947 0.0891 0.0762 0.0544 0.0218 0.1912 0.8911 0.6999
23 4.0454 0.3336 0.9795 0.8855 0.0940 0.0745 0.0634 0.0111 0.1949 0.9496 0.7547
24 3.9060 0.3663 0.9696 0.8734 0.0963 0.0789 0.0351 0.0438 0.2025 0.9869 0.7844
25 4.1858 0.3658 0.9677 0.8572 0.1105 0.0821 0.0449 0.0372 0.1947 0.9672 0.7725
26 3.9624 0.3350 0.9822 0.8773 0.1050 0.0683 0.0521 0.0162 0.2004 1.0060 0.8056
27 4.1394 0.3390 0.9792 0.8833 0.0960 0.0839 0.0576 0.0263 0.1974 1.0157 0.8183
28 3.8853 0.3588 0.9683 0.8751 0.0931 0.0771 0.0754 0.0017 0.2343 1.0670 0.8327
29 4.0342 0.3781 0.9646 0.8768 0.0878 0.0706 0.0578 0.0128 0.2314 1.0757 0.8443
30 3.7601 0.3559 0.9562 0.8951 0.0612 0.0609 0.0666 0.0057 0.2306 1.0280 0.7975
31 3.8213 0.3414 0.9498 0.8881 0.0617 0.0525 0.0422 0.0103 0.2233 1.0027 0.7794
32 3.5131 0.3578 0.9709 0.8943 0.0766 0.0528 0.0300 0.0228 0.2279 1.0021 0.7742
33 3.6668 0.3919 0.9640 0.8585 0.1054 0.0772 0.0453 0.0319 0.2208 1.0429 0.8221
34 3.8575 0.3742 0.9633 0.8880 0.0753 0.0908 0.0549 0.0360 0.2229 1.0491 0.8262
35 4.0155 0.3944 0.9633 0.8627 0.1006 0.0869 0.0502 0.0367 0.2121 1.1179 0.9058
36 3.6193 0.3931 0.9564 0.8813 0.0751 0.0910 0.0458 0.0451 0.2071 1.0201 0.8129
37 3.7198 0.3723 0.9488 0.8731 0.0757 0.0742 0.0580 0.0162 0.2308 1.0421 0.8113
38 3.8208 0.3450 0.9635 0.8971 0.0665 0.0666 0.0398 0.0268 0.2366 1.0330 0.7964
39 3.3857 0.4175 0.9771 0.8477 0.1295 0.0631 0.0264 0.0367 0.2452 1.0272 0.7821
40 3.5643 0.3989 0.9762 0.8518 0.1244 0.0673 0.0250 0.0423 0.2267 0.9061 0.6794
41 3.2135 0.3641 0.9738 0.8862 0.0875 0.0709 0.0411 0.0298 0.2289 0.9177 0.6887
42 3.8224 0.3747 0.9787 0.8700 0.1088 0.0405 0.0359 0.0046 0.2447 0.9057 0.6610
43 3.6528 0.3498 0.9887 0.8853 0.1034 0.0368 0.0091 0.0277 0.2575 0.9750 0.7175
44 3.5614 0.3454 0.9772 0.8993 0.0780 0.0394 0.0004 0.0390 0.2524 0.8914 0.6390
45 3.3032 0.3776 0.9781 0.8279 0.1502 0.0371 0.0081 0.0290 0.2490 0.9128 0.6638
46 2.9823 0.4042 0.9778 0.8731 0.1047 0.0349 0.0269 0.0079 0.2456 0.9565 0.7109
47 3.0474 0.4184 0.9780 0.8537 0.1243 0.0461 0.0112 0.0349 0.2583 0.9742 0.7158
48 3.5149 0.3872 0.9756 0.8937 0.0819 0.0322 0.0446 0.0124 0.2444 1.0015 0.7572
49 2.7705 0.4319 0.9365 0.8447 0.0917 0.0457 0.0417 0.0040 0.2478 0.9601 0.7124
50 2.9641 0.4393 0.9388 0.8491 0.0897 0.0347 0.0227 0.0120 0.2532 0.9580 0.7048
51 3.1383 0.3932 0.9478 0.8842 0.0636 0.0356 0.0373 0.0016 0.2442 0.9997 0.7555
52 2.7683 0.3971 0.9488 0.8594 0.0894 0.0489 0.0476 0.0012 0.2396 0.9396 0.7000
53 2.9632 0.3716 0.9731 0.8537 0.1194 0.0480 0.0659 0.0179 0.2262 0.9607 0.7345
54 3.5555 0.4003 0.9385 0.8375 0.1010 0.0535 0.0720 0.0185 0.2329 0.8924 0.6595
55 3.7811 0.3973 0.9258 0.8545 0.0713 0.0758 0.0655 0.0102 0.2202 1.0035 0.7833
56 3.8073 0.3714 0.9407 0.8887 0.0521 0.0848 0.0533 0.0315 0.2154 1.0053 0.7899
57 3.9266 0.4010 0.9426 0.8499 0.0927 0.0903 0.0385 0.0518 0.2160 0.8647 0.6487
58 3.4651 0.3660 0.9705 0.8635 0.1070 0.0928 0.0616 0.0312 0.2153 0.8904 0.6752
59 3.8172 0.3687 0.9582 0.8611 0.0971 0.0755 0.0459 0.0296 0.2174 0.9064 0.6890
60 3.8854 0.3789 0.9539 0.8636 0.0902 0.0763 0.0463 0.0299 0.2157 0.8910 0.6753
61 3.9544 0.3716 0.9578 0.8558 0.1020 0.0757 0.0612 0.0145 0.2154 0.9682 0.7528
62 4.0172 0.3541 0.9455 0.8824 0.0631 0.0609 0.0725 0.0116 0.2153 0.9479 0.7326
63 4.1902 0.3120 0.9893 0.8794 0.1100 0.0302 0.0754 0.0452 0.2171 0.9563 0.7392
64 3.9744 0.3539 0.9887 0.8448 0.1438 0.0179 0.0638 0.0459 0.2375 0.9707 0.7332
65 3.9378 0.3740 0.9882 0.8473 0.1409 0.0151 0.0514 0.0363 0.2358 0.9617 0.7260
66 4.2501 0.3805 0.9836 0.8598 0.1238 0.0068 0.0632 0.0564 0.2237 1.0384 0.8147
67 4.2191 0.3555 0.9771 0.8495 0.1276 0.0088 0.0484 0.0396 0.2446 1.0494 0.8047
68 4.1541 0.3659 0.9864 0.8321 0.1543 0.0242 0.0030 0.0212 0.2226 0.9673 0.7448
69 4.1951 0.3525 0.9877 0.8403 0.1474 0.0307 0.0078 0.0230 0.2242 0.8832 0.6590
70 3.9891 0.3200 0.9800 0.8819 0.0981 0.0399 0.0353 0.0046 0.2167 0.9145 0.6978
71 4.0043 0.3532 0.9773 0.8544 0.1229 0.0326 0.0366 0.0040 0.2126 0.9120 0.6994
72 4.1940 0.3501 0.9711 0.8654 0.1057 0.0434 0.0218 0.0216 0.2139 0.9702 0.7563
73 4.0392 0.3248 0.9845 0.8902 0.0944 0.0486 0.0472 0.0013 0.2102 0.9660 0.7558
74 4.2177 0.3880 0.9811 0.8540 0.1271 0.0573 0.0412 0.0162 0.2140 0.9301 0.7161
75 3.6824 0.3809 0.9825 0.8436 0.1389 0.0451 0.0300 0.0150 0.2126 0.9483 0.7356
76 3.8207 0.3825 0.9832 0.8644 0.1188 0.0484 0.0294 0.0190 0.2081 0.9720 0.7639
77 3.9432 0.3793 0.9742 0.8723 0.1019 0.0502 0.0432 0.0070 0.2055 0.9828 0.7774
78 3.7250 0.3780 0.9692 0.8486 0.1207 0.0249 0.0227 0.0022 0.1928 0.9428 0.7500
79 4.0147 0.3708 0.9741 0.8656 0.1085 0.0310 0.0172 0.0137 0.1920 0.9477 0.7557
80 3.6922 0.3799 0.9721 0.8552 0.1169 0.0354 0.0044 0.0310 0.1840 0.9852 0.8012
81 4.0221 0.3837 0.9381 0.8861 0.0520 0.0559 0.0159 0.0399 0.1849 0.9485 0.7636
82 4.0271 0.3972 0.9381 0.8843 0.0538 0.0535 0.0121 0.0414 0.1760 0.9457 0.7698
83 4.1288 0.3812 0.9768 0.8838 0.0931 0.0229 0.0053 0.0176 0.2101 0.9853 0.7753
84 4.2192 0.3822 0.9697 0.8808 0.0889 0.0167 0.0162 0.0005 0.1954 0.9979 0.8025
85 4.1130 0.3848 0.9592 0.8600 0.0992 0.0347 0.0363 0.0016 0.1923 0.9943 0.8020
86 4.1673 0.4131 0.9645 0.8388 0.1257 0.0376 0.0057 0.0319 0.1855 1.0075 0.8220
87 3.9251 0.3353 0.9632 0.8895 0.0736 0.0593 0.0121 0.0473 0.1869 1.0111 0.8242
88 4.3735 0.3266 0.9662 0.8793 0.0868 0.0553 0.0194 0.0359 0.2024 1.0533 0.8509
89 4.1489 0.3773 0.9688 0.8610 0.1078 0.0072 0.0178 0.0106 0.1939 1.0915 0.8976
90 4.2101 0.3861 0.9624 0.8699 0.0925 0.0051 0.0138 0.0088 0.2002 1.0199 0.8198
91 4.4579 0.4284 0.9589 0.8547 0.1043 0.0079 0.0273 0.0195 0.1926 1.0227 0.8301
92 4.2511 0.3948 0.9526 0.8633 0.0893 0.0112 0.0013 0.0099 0.1866 0.9651 0.7785
93 4.1955 0.4061 0.9612 0.8638 0.0974 0.0176 0.0087 0.0089 0.2170 0.9977 0.7807
94 3.1422 0.3634 0.9704 0.8457 0.1248 0.0149 0.0008 0.0141 0.2142 1.0323 0.8181
95 3.6708 0.3588 0.9727 0.8695 0.1031 0.0220 0.0157 0.0064 0.2142 1.0352 0.8210
96 3.4728 0.3439 0.9764 0.8776 0.0987 0.0234 0.0201 0.0034 0.2141 0.9707 0.7566
97 3.6370 0.4042 0.9724 0.8357 0.1367 0.0386 0.0380 0.0006 0.2032 0.9591 0.7559
98 3.2367 0.3603 0.9749 0.8587 0.1162 0.0647 0.0505 0.0142 0.2003 1.0473 0.8471
99 3.6935 0.3330 0.9827 0.8846 0.0981 0.0714 0.0473 0.0241 0.2003 0.9919 0.7916
100 3.5488 0.3370 0.9774 0.8885 0.0888 0.0684 0.0528 0.0157 0.1937 0.9606 0.7669
