Frame DensityError VelocityError TargetPolarization SimulatedPolarization PolarizationError TargetAngularMomentum SimulatedAngularMomentum AngularMomentumError TargetAspectRatio SimulatedAspectRatio AspectRatioError
1 1.3663 0.0904 0.9734 0.9801 0.0067 0.0080 0.0182 0.0102 0.1978 0.3506 0.1528
2 2.0137 0.0787 0.9930 0.9801 0.0129 0.0085 0.0173 0.0088 0.1826 0.3475 0.1650
3 1.3829 0.0851 0.9930 0.9711 0.0218 0.0016 0.0184 0.0168 0.1456 0.3584 0.2128
4 1.7728 0.1204 0.9921 0.9534 0.0387 0.0024 0.0070 0.0046 0.1350 0.3693 0.2344
5 2.5389 0.0810 0.9850 0.9804 0.0046 0.0185 0.0082 0.0103 0.1758 0.3486 0.1728
6 2.0055 0.0967 0.9910 0.9627 0.0283 0.0113 0.0023 0.0090 0.1807 0.3533 0.1726
7 2.5435 0.0924 0.9745 0.9803 0.0058 0.0376 0.0019 0.0357 0.1396 0.3557 0.2161
8 1.8027 0.1021 0.9698 0.9622 0.0075 0.0503 0.0024 0.0479 0.1462 0.3283 0.1820
9 2.0047 0.0962 0.9788 0.9717 0.0071 0.0570 0.0097 0.0473 0.1519 0.2781 0.1262
10 2.3507 0.1078 0.9763 0.9629 0.0134 0.0610 0.0084 0.0526 0.1532 0.2815 0.1283
11 2.6007 0.0995 0.9762 0.9541 0.0221 0.0546 0.0038 0.0509 0.1573 0.2869 0.1296
12 2.7573 0.0938 0.9875 0.9805 0.0070 0.0631 0.0067 0.0564 0.1640 0.2936 0.1296
13 2.6713 0.0929 0.9792 0.9632 0.0160 0.0512 0.0170 0.0342 0.1709 0.2960 0.1251
14 3.3121 0.0864 0.9726 0.9724 0.0002 0.0587 0.0196 0.0391 0.1699 0.3033 0.1333
15 2.6943 0.1129 0.9801 0.9546 0.0256 0.0487 0.0277 0.0210 0.1756 0.2652 0.0896
16 2.3937 0.1152 0.9840 0.9635 0.0205 0.0440 0.0419 0.0021 0.1756 0.2916 0.1160
17 3.0664 0.0911 0.9878 0.9723 0.0155 0.0432 0.0438 0.0006 0.1894 0.2969 0.1076
18 2.8039 0.1037 0.9878 0.9546 0.0332 0.0522 0.0272 0.0250 0.1835 0.3498 0.1663
19 2.1548 0.1079 0.9860 0.9545 0.0315 0.0568 0.0460 0.0109 0.1699 0.3436 0.1737
20 2.3674 0.0936 0.9874 0.9724 0.0150 0.0652 0.0419 0.0232 0.1714 0.3496 0.1782
21 2.3135 0.1155 0.9766 0.9455 0.0311 0.0681 0.0533 0.0148 0.1858 0.3443 0.1585
22 2.6839 0.0557 0.9838 0.9988 0.0149 0.0762 0.0504 0.0258 0.1912 0.3392 0.1480
23 2.2488 0.0927 0.9795 0.9542 0.0253 0.0745 0.0422 0.0323 0.1949 0.2977 0.1029
24 1.8165 0.0868 0.9696 0.9631 0.0065 0.0789 0.0356 0.0432 0.2025 0.3028 0.1003
25 1.9763 0.0695 0.9677 0.9720 0.0043 0.0821 0.0368 0.0453 0.1947 0.3084 0.1136
26 2.5626 0.0920 0.9822 0.9541 0.0282 0.0683 0.0617 0.0066 0.2004 0.3230 0.1226
27 2.2326 0.0911 0.9792 0.9712 0.0080 0.0839 0.0667 0.0171 0.1974 0.3242 0.1268
28 2.1156 0.1353 0.9683 0.9625 0.0057 0.0771 0.0432 0.0339 0.2343 0.3249 0.0906
29 1.7580 0.1249 0.9646 0.9806 0.0160 0.0706 0.0482 0.0225 0.2314 0.3294 0.0980
30 1.3404 0.1663 0.9562 0.9360 0.0202 0.0609 0.0309 0.0300 0.2306 0.3102 0.0797
31 1.4420 0.1298 0.9498 0.9628 0.0131 0.0525 0.0054 0.0471 0.2233 0.3217 0.0984
32 1.2900 0.1492 0.9709 0.9451 0.0258 0.0528 0.0095 0.0433 0.2279 0.3251 0.0972
33 2.4096 0.1030 0.9640 0.9808 0.0168 0.0772 0.0203 0.0569 0.2208 0.3277 0.1069
34 1.6270 0.1635 0.9633 0.9184 0.0450 0.0908 0.0174 0.0734 0.2229 0.2970 0.0741
35 1.9796 0.1102 0.9633 0.9720 0.0087 0.0869 0.0045 0.0824 0.2121 0.3214 0.1093
36 1.6964 0.1349 0.9564 0.9452 0.0111 0.0910 0.0302 0.0607 0.2071 0.3151 0.1080
37 1.0814 0.1270 0.9488 0.9362 0.0125 0.0742 0.0357 0.0385 0.2308 0.3218 0.0911
38 2.5686 0.0772 0.9635 0.9896 0.0261 0.0666 0.0344 0.0322 0.2366 0.3187 0.0821
39 2.4418 0.1126 0.9771 0.9363 0.0408 0.0631 0.0584 0.0047 0.2452 0.3325 0.0874
40 3.1524 0.1177 0.9762 0.9542 0.0221 0.0673 0.0369 0.0304 0.2267 0.3427 0.1161
41 1.9084 0.1131 0.9738 0.9810 0.0073 0.0709 0.0426 0.0283 0.2289 0.3413 0.1123
42 2.3617 0.1504 0.9787 0.9186 0.0602 0.0405 0.0320 0.0085 0.2447 0.3772 0.1325
43 2.8156 0.0896 0.9887 0.9808 0.0079 0.0368 0.0533 0.0165 0.2575 0.3823 0.1248
44 2.1991 0.1315 0.9772 0.9540 0.0233 0.0394 0.0555 0.0161 0.2524 0.3686 0.1162
45 2.0123 0.1395 0.9781 0.9539 0.0242 0.0371 0.0405 0.0034 0.2490 0.3745 0.1255
46 2.2342 0.1396 0.9778 0.9451 0.0327 0.0349 0.0413 0.0064 0.2456 0.3823 0.1366
47 2.0265 0.1493 0.9780 0.9719 0.0061 0.0461 0.0221 0.0240 0.2583 0.3692 0.1109
48 1.2541 0.1697 0.9756 0.9276 0.0480 0.0322 0.0178 0.0144 0.2444 0.3283 0.0839
49 1.0715 0.1359 0.9365 0.9812 0.0447 0.0457 0.0466 0.0009 0.2478 0.3560 0.1082
50 1.4994 0.1516 0.9388 0.9722 0.0334 0.0347 0.0509 0.0161 0.2532 0.3516 0.0983
51 1.4123 0.1478 0.9478 0.9544 0.0067 0.0356 0.0511 0.0155 0.2442 0.3784 0.1342
52 1.0635 0.1378 0.9488 0.9724 0.0237 0.0489 0.0312 0.0176 0.2396 0.3996 0.1600
53 1.6876 0.1185 0.9731 0.9546 0.0185 0.0480 0.0467 0.0013 0.2262 0.3987 0.1725
54 1.3553 0.1151 0.9385 0.9813 0.0428 0.0535 0.0345 0.0190 0.2329 0.3966 0.1637
55 1.6333 0.1183 0.9258 0.9723 0.0465 0.0758 0.0241 0.0517 0.2202 0.4087 0.1886
56 2.2092 0.1131 0.9407 0.9811 0.0404 0.0848 0.0241 0.0607 0.2154 0.4043 0.1889
57 2.8168 0.1487 0.9426 0.9543 0.0117 0.0903 0.0587 0.0316 0.2160 0.3711 0.1551
58 1.8368 0.1481 0.9705 0.9449 0.0256 0.0928 0.0592 0.0336 0.2153 0.3581 0.1429
59 1.7927 0.1327 0.9582 0.9522 0.0060 0.0755 0.0788 0.0033 0.2174 0.3632 0.1459
60 2.0804 0.1617 0.9539 0.9347 0.0192 0.0763 0.0407 0.0356 0.2157 0.3449 0.1292
61 2.5247 0.1569 0.9578 0.9435 0.0143 0.0757 0.0272 0.0485 0.2154 0.3612 0.1458
62 2.5771 0.1611 0.9455 0.9393 0.0062 0.0609 0.0500 0.0109 0.2153 0.3603 0.1450
63 2.2623 0.1611 0.9893 0.9217 0.0676 0.0302 0.0386 0.0084 0.2171 0.3874 0.1703
64 2.7212 0.1517 0.9887 0.9401 0.0486 0.0179 0.0473 0.0294 0.2375 0.3924 0.1549
65 2.1856 0.1458 0.9882 0.9401 0.0481 0.0151 0.0378 0.0228 0.2358 0.3932 0.1574
66 2.8536 0.1238 0.9836 0.9426 0.0411 0.0068 0.0316 0.0248 0.2237 0.4056 0.1819
67 2.5075 0.1479 0.9771 0.9338 0.0433 0.0088 0.0582 0.0494 0.2446 0.4064 0.1617
68 2.5862 0.1252 0.9864 0.9615 0.0249 0.0242 0.0529 0.0288 0.2226 0.3649 0.1423
69 3.2841 0.1755 0.9877 0.9172 0.0705 0.0307 0.0307 0.0000 0.2242 0.3412 0.1170
70 3.0026 0.1397 0.9800 0.9532 0.0268 0.0399 0.0284 0.0115 0.2167 0.3392 0.1225
71 2.4524 0.1766 0.9773 0.9174 0.0599 0.0326 0.0525 0.0199 0.2126 0.3389 0.1263
72 2.0699 0.1685 0.9711 0.9532 0.0179 0.0434 0.0162 0.0272 0.2139 0.3683 0.1544
73 2.1671 0.1307 0.9845 0.9528 0.0317 0.0486 0.0358 0.0127 0.2102 0.3451 0.1349
74 2.6176 0.1569 0.9811 0.9359 0.0452 0.0573 0.0423 0.0150 0.2140 0.3154 0.1014
75 2.0489 0.1458 0.9825 0.9358 0.0467 0.0451 0.0695 0.0244 0.2126 0.3149 0.1023
76 2.7970 0.1057 0.9832 0.9714 0.0118 0.0484 0.0432 0.0052 0.2081 0.3108 0.1027
77 2.3514 0.1116 0.9742 0.9622 0.0120 0.0502 0.0651 0.0149 0.2055 0.3098 0.1044
78 2.7588 0.1050 0.9692 0.9713 0.0021 0.0249 0.0488 0.0238 0.1928 0.2958 0.1030
79 1.8719 0.1125 0.9741 0.9536 0.0205 0.0310 0.0814 0.0505 0.1920 0.2930 0.1010
80 1.7289 0.1204 0.9721 0.9627 0.0093 0.0354 0.0829 0.0475 0.1840 0.3165 0.1325
81 1.7676 0.1331 0.9381 0.9539 0.0158 0.0559 0.0682 0.0123 0.1849 0.2977 0.1128
82 2.2873 0.1146 0.9381 0.9719 0.0338 0.0535 0.0635 0.0100 0.1760 0.2959 0.1199
83 2.0213 0.1662 0.9768 0.9185 0.0583 0.0229 0.0401 0.0172 0.2101 0.2885 0.0784
84 2.7403 0.0980 0.9697 0.9811 0.0114 0.0167 0.0587 0.0420 0.1954 0.3047 0.1093
85 2.3198 0.1432 0.9592 0.9544 0.0048 0.0347 0.0468 0.0121 0.1923 0.3085 0.1162
86 2.5113 0.1445 0.9645 0.9634 0.0011 0.0376 0.0442 0.0067 0.1855 0.3123 0.1268
87 1.6416 0.1680 0.9632 0.9547 0.0084 0.0593 0.0545 0.0048 0.1869 0.3216 0.1347
88 1.9902 0.1347 0.9662 0.9726 0.0065 0.0553 0.0373 0.0181 0.2024 0.3228 0.1205
89 2.3019 0.1240 0.9688 0.9549 0.0139 0.0072 0.0262 0.0190 0.1939 0.3463 0.1524
90 2.0809 0.1130 0.9624 0.9726 0.0102 0.0051 0.0371 0.0320 0.2002 0.3527 0.1525
91 2.3675 0.1189 0.9589 0.9727 0.0138 0.0079 0.0287 0.0208 0.1926 0.3519 0.1593
92 2.2627 0.1444 0.9526 0.9458 0.0068 0.0112 0.0103 0.0009 0.1866 0.3272 0.1405
93 1.7181 0.1470 0.9612 0.9546 0.0066 0.0176 0.0222 0.0046 0.2170 0.3199 0.1030
94 1.8038 0.1230 0.9704 0.9632 0.0073 0.0149 0.0106 0.0043 0.2142 0.3144 0.1001
95 2.3691 0.1266 0.9727 0.9541 0.0185 0.0220 0.0216 0.0004 0.2142 0.3172 0.1030
96 1.9174 0.1162 0.9764 0.9721 0.0043 0.0234 0.0282 0.0047 0.2141 0.3193 0.1052
97 2.3631 0.0986 0.9724 0.9810 0.0086 0.0386 0.0271 0.0115 0.2032 0.3647 0.1616
98 2.2590 0.1148 0.9749 0.9720 0.0028 0.0647 0.0227 0.0420 0.2003 0.3772 0.1770
99 2.5371 0.1432 0.9827 0.9454 0.0373 0.0714 0.0121 0.0594 0.2003 0.3265 0.1262
100 2.3551 0.1339 0.9774 0.9543 0.0231 0.0684 0.0187 0.0498 0.1937 0.3234 0.1297
