Frame DensityError VelocityError TargetPolarization SimulatedPolarization PolarizationError TargetAngularMomentum SimulatedAngularMomentum AngularMomentumError TargetAspectRatio SimulatedAspectRatio AspectRatioError
1 0.0576 1.5103 0.7465 0.3172 0.4294 0.0033 0.0437 0.0404 0.9835 0.3113 0.6722
2 0.0715 1.4730 0.7685 0.3078 0.4608 0.0125 0.0337 0.0213 0.3456 0.3325 0.0131
3 0.2863 1.4627 0.7758 0.2752 0.5007 0.0135 0.0235 0.0100 0.4711 0.3320 0.1391
4 0.2621 1.3512 0.7905 0.1063 0.6842 0.0140 0.0094 0.0046 0.5430 0.5959 0.0528
5 0.3081 1.2356 0.7909 0.0212 0.7698 0.0301 0.0020 0.0281 0.5626 1.6289 1.0663
6 0.3254 1.1963 0.7953 0.0657 0.7296 0.0392 0.0041 0.0351 0.6306 0.2346 0.3960
7 0.3376 1.2168 0.7992 0.0559 0.7433 0.0500 0.0144 0.0357 0.3534 0.6344 0.2810
8 0.3347 1.2462 0.8109 0.0287 0.7821 0.0473 0.0082 0.0392 0.3970 0.3656 0.0314
9 0.4018 1.2594 0.8108 0.0231 0.7878 0.0567 0.0043 0.0524 0.5689 1.5261 0.9573
10 0.4544 1.2631 0.8178 0.0052 0.8126 0.0603 0.0057 0.0546 0.6265 1.3425 0.7160
11 0.4428 1.2493 0.8124 0.0263 0.7862 0.0608 0.0081 0.0527 0.3605 0.6249 0.2644
12 0.4649 1.2332 0.8159 0.0273 0.7885 0.0662 0.0260 0.0403 0.4567 0.5760 0.1193
13 0.4902 1.2379 0.8102 0.0283 0.7819 0.0750 0.0058 0.0692 0.4443 0.6248 0.1804
14 0.5027 1.2466 0.8273 0.0166 0.8107 0.0631 0.0035 0.0596 0.4366 0.6846 0.2480
15 0.4683 1.2319 0.8211 0.0260 0.7951 0.0625 0.0174 0.0451 0.4733 0.6927 0.2195
16 0.5201 1.2566 0.8319 0.0298 0.8020 0.0570 0.0009 0.0561 0.4338 0.7724 0.3387
17 0.5950 1.2382 0.8280 0.0431 0.7848 0.0589 0.0064 0.0525 0.4347 0.8467 0.4120
18 0.6141 1.2079 0.8279 0.0589 0.7690 0.0600 0.0157 0.0443 0.3697 0.6331 0.2634
19 0.6879 1.2330 0.8161 0.0311 0.7851 0.0677 0.0045 0.0632 0.3640 0.6336 0.2696
20 0.6633 1.2542 0.8249 0.0275 0.7974 0.0687 0.0025 0.0662 0.3639 0.6795 0.3156
21 0.7092 1.2496 0.8302 0.0376 0.7926 0.0670 0.0149 0.0521 0.3495 0.6787 0.3292
22 0.7168 1.2540 0.8371 0.0264 0.8107 0.0656 0.0172 0.0484 0.3357 0.6212 0.2855
23 0.7379 1.2411 0.8319 0.0268 0.8051 0.0732 0.0010 0.0722 0.3611 0.6318 0.2707
24 0.7429 1.2126 0.8404 0.0558 0.7846 0.0710 0.0054 0.0657 0.3897 0.7392 0.3495
25 0.7700 1.2209 0.8305 0.0268 0.8038 0.0684 0.0102 0.0582 0.3643 0.7729 0.4087
26 0.7563 1.2403 0.8418 0.0321 0.8097 0.0678 0.0071 0.0607 0.3670 1.1742 0.8071
27 0.7922 1.2334 0.8403 0.0397 0.8007 0.0673 0.0089 0.0584 0.3556 0.6429 0.2874
28 0.8141 1.2447 0.8449 0.0420 0.8029 0.0631 0.0006 0.0625 0.3539 0.6408 0.2869
29 0.8483 1.2191 0.8360 0.0453 0.7906 0.0600 0.0014 0.0586 0.3532 0.6276 0.2743
30 0.9032 1.2265 0.8329 0.0272 0.8057 0.0573 0.0044 0.0529 0.3313 0.6232 0.2919
31 0.8403 1.2338 0.8269 0.0313 0.7956 0.0551 0.0203 0.0348 0.2697 0.6568 0.3871
32 0.8772 1.2511 0.8299 0.0111 0.8188 0.0514 0.0052 0.0462 0.3205 0.6572 0.3367
33 0.8754 1.2382 0.8228 0.0249 0.7979 0.0467 0.0009 0.0458 0.3242 0.7508 0.4266
34 0.9074 1.2112 0.8285 0.0636 0.7649 0.0428 0.0032 0.0396 0.3286 0.7870 0.4583
35 0.8389 1.2088 0.8055 0.0676 0.7378 0.0318 0.0121 0.0197 0.3215 0.7967 0.4752
36 0.9360 1.2299 0.8185 0.0605 0.7580 0.0291 0.0061 0.0230 0.3263 0.7192 0.3929
37 0.9366 1.2336 0.8147 0.0538 0.7609 0.0268 0.0012 0.0256 0.3433 0.6493 0.3060
38 0.9758 1.2320 0.8272 0.0374 0.7898 0.0223 0.0039 0.0183 0.3414 0.6654 0.3239
39 0.9752 1.2532 0.8209 0.0115 0.8094 0.0250 0.0144 0.0106 0.3388 1.2758 0.9370
40 0.9929 1.2307 0.8303 0.0330 0.7973 0.0112 0.0159 0.0046 0.3509 0.6664 0.3155
41 1.0092 1.2186 0.8221 0.0330 0.7890 0.0063 0.0065 0.0003 0.3504 0.9028 0.5524
42 1.0403 1.2099 0.8220 0.0567 0.7652 0.0069 0.0072 0.0003 0.3377 0.6345 0.2968
43 1.0189 1.2171 0.8185 0.0481 0.7704 0.0081 0.0120 0.0039 0.3407 0.6389 0.2983
44 1.0135 1.2239 0.8242 0.0467 0.7775 0.0052 0.0143 0.0091 0.3294 0.6386 0.3092
45 1.0471 1.2263 0.8119 0.0331 0.7789 0.0041 0.0063 0.0022 0.3246 0.6323 0.3076
46 1.0082 1.2182 0.8076 0.0387 0.7689 0.0070 0.0064 0.0006 0.3237 0.6419 0.3181
47 1.0600 1.2095 0.7895 0.0251 0.7644 0.0050 0.0068 0.0018 0.3242 0.6366 0.3125
48 1.1013 1.2385 0.7953 0.0091 0.7863 0.0099 0.0053 0.0046 0.3141 0.6715 0.3574
49 1.0394 1.2206 0.7916 0.0259 0.7657 0.0028 0.0117 0.0090 0.3369 0.6323 0.2954
50 1.0823 1.2468 0.7834 0.0276 0.7558 0.0017 0.0030 0.0014 0.3392 0.7676 0.4285
51 1.0513 1.2438 0.7788 0.0469 0.7318 0.0005 0.0169 0.0164 0.3392 0.6388 0.2996
52 1.1001 1.2240 0.7796 0.0452 0.7344 0.0004 0.0023 0.0019 0.3252 0.7098 0.3846
53 1.0883 1.2206 0.7680 0.0437 0.7243 0.0055 0.0113 0.0057 0.3255 0.6360 0.3105
54 1.0552 1.2289 0.7756 0.0392 0.7364 0.0150 0.0059 0.0091 0.2990 0.6367 0.3377
55 1.0510 1.2462 0.7749 0.0280 0.7469 0.0023 0.0081 0.0058 0.2977 0.6743 0.3766
56 1.0549 1.2233 0.7876 0.0299 0.7577 0.0023 0.0040 0.0018 0.2983 0.7654 0.4671
57 1.0760 1.2317 0.7901 0.0312 0.7589 0.0025 0.0007 0.0018 0.2954 0.8441 0.5487
58 1.0953 1.2388 0.7853 0.0333 0.7521 0.0018 0.0015 0.0002 0.2867 0.7477 0.4610
59 1.0728 1.2259 0.7826 0.0453 0.7373 0.0011 0.0031 0.0020 0.3281 0.7567 0.4286
60 1.0873 1.2145 0.7783 0.0497 0.7286 0.0091 0.0056 0.0035 0.2960 0.6944 0.3984
61 1.0358 1.2322 0.7768 0.0226 0.7541 0.0074 0.0029 0.0045 0.2894 0.6993 0.4100
62 1.0268 1.2548 0.7708 0.0117 0.7592 0.0001 0.0010 0.0009 0.2934 0.2235 0.0699
63 0.9697 1.2605 0.7684 0.0027 0.7658 0.0040 0.0061 0.0021 0.2953 0.6905 0.3952
64 0.9862 1.2522 0.7698 0.0143 0.7555 0.0083 0.0006 0.0077 0.2970 0.6615 0.3644
65 1.0417 1.2329 0.7598 0.0277 0.7321 0.0030 0.0151 0.0122 0.2731 0.5131 0.2400
66 1.0272 1.2279 0.7652 0.0268 0.7384 0.0087 0.0032 0.0056 0.3908 0.7275 0.3366
67 0.9890 1.2085 0.7493 0.0339 0.7154 0.0113 0.0138 0.0025 0.3510 0.6424 0.2914
68 1.0425 1.2223 0.7463 0.0310 0.7154 0.0165 0.0193 0.0028 0.3509 0.6468 0.2959
69 1.0507 1.2330 0.7361 0.0437 0.6924 0.0118 0.0017 0.0100 0.2751 0.6443 0.3692
70 1.0501 1.2284 0.7288 0.0435 0.6853 0.0136 0.0157 0.0021 0.3494 0.2270 0.1224
71 1.0547 1.2442 0.7259 0.0413 0.6846 0.0013 0.0198 0.0185 0.2983 0.6682 0.3699
72 1.0464 1.2456 0.7261 0.0253 0.7009 0.0080 0.0126 0.0045 0.3479 0.7181 0.3701
73 1.0733 1.2496 0.7202 0.0259 0.6943 0.0150 0.0091 0.0059 0.3339 0.7731 0.4392
74 1.1157 1.2422 0.7081 0.0267 0.6814 0.0040 0.0026 0.0014 0.3392 0.7592 0.4199
75 1.1392 1.2482 0.6999 0.0457 0.6542 0.0053 0.0021 0.0032 0.3733 0.6384 0.2651
76 1.1872 1.2482 0.7186 0.0490 0.6697 0.0022 0.0088 0.0066 0.5374 0.6383 0.1010
77 1.1705 1.2149 0.7217 0.0697 0.6520 0.0159 0.0121 0.0038 0.3455 0.6530 0.3075
78 1.1371 1.2078 0.7446 0.0485 0.6961 0.0116 0.0079 0.0037 0.2778 0.6374 0.3596
79 1.1843 1.2367 0.7383 0.0400 0.6983 0.0050 0.0048 0.0003 0.2766 0.6456 0.3690
80 1.1674 1.2486 0.7418 0.0244 0.7174 0.0029 0.0147 0.0118 0.4248 0.9651 0.5403
81 1.1387 1.2508 0.7342 0.0163 0.7179 0.0104 0.0140 0.0036 0.5223 0.6429 0.1206
82 1.1125 1.2302 0.7294 0.0398 0.6896 0.0204 0.0018 0.0186 0.2914 0.5267 0.2353
83 1.1218 1.2205 0.7288 0.0529 0.6759 0.0190 0.0054 0.0137 0.3688 0.6406 0.2718
84 1.1323 1.2203 0.7294 0.0557 0.6737 0.0195 0.0136 0.0058 0.3685 0.6402 0.2717
85 1.1565 1.2064 0.7160 0.0438 0.6721 0.0326 0.0155 0.0171 0.3757 0.6422 0.2665
86 1.1536 1.2387 0.7143 0.0237 0.6906 0.0248 0.0239 0.0009 0.3012 0.6450 0.3437
87 1.1804 1.2435 0.7144 0.0249 0.6895 0.0224 0.0139 0.0084 0.2991 0.6460 0.3469
88 1.2023 1.2309 0.7170 0.0432 0.6738 0.0240 0.0104 0.0136 0.3018 0.6526 0.3508
89 1.2069 1.2237 0.7225 0.0490 0.6735 0.0196 0.0053 0.0143 0.3452 0.6969 0.3517
90 1.2630 1.2381 0.7289 0.0287 0.7001 0.0185 0.0101 0.0084 0.2932 0.7637 0.4705
91 1.2395 1.2367 0.7265 0.0425 0.6840 0.0211 0.0010 0.0201 0.3515 0.6566 0.3051
92 1.2337 1.2462 0.7409 0.0297 0.7113 0.0221 0.0078 0.0142 0.3516 0.9037 0.5521
93 1.2714 1.2292 0.7410 0.0464 0.6947 0.0179 0.0020 0.0159 0.3546 0.6442 0.2896
94 1.2090 1.2557 0.7411 0.0204 0.7207 0.0103 0.0014 0.0090 0.3432 0.4518 0.1086
95 1.1677 1.2651 0.7364 0.0137 0.7227 0.0086 0.0294 0.0208 0.3652 0.6497 0.2845
96 1.2165 1.2332 0.7368 0.0663 0.6705 0.0068 0.0256 0.0188 0.3651 0.6477 0.2826
97 1.2502 1.2562 0.7329 0.0382 0.6947 0.0006 0.0060 0.0054 0.3481 0.6462 0.2981
98 1.3062 1.2598 0.7144 0.0349 0.6795 0.0071 0.0157 0.0086 0.3340 0.6479 0.3139
99 1.3127 1.2291 0.6998 0.0496 0.6503 0.0076 0.0034 0.0042 0.3325 0.3309 0.0016
100 1.2949 1.2310 0.7052 0.0457 0.6595 0.0091 0.0119 0.0028 0.3642 0.6476 0.2833
101 1.2636 1.2261 0.6933 0.0243 0.6690 0.0026 0.0346 0.0320 0.3552 0.6563 0.3011
102 1.2830 1.2301 0.7004 0.0335 0.6669 0.0083 0.0345 0.0263 0.3678 0.6470 0.2792
103 1.3424 1.2336 0.6955 0.0325 0.6630 0.0065 0.0187 0.0122 0.3562 0.6712 0.3150
104 1.2434 1.2228 0.7013 0.0514 0.6499 0.0007 0.0051 0.0044 0.3762 0.6479 0.2718
105 1.3141 1.2498 0.6979 0.0352 0.6627 0.0106 0.0098 0.0008 0.3932 0.6465 0.2534
106 1.2724 1.2290 0.7037 0.0371 0.6667 0.0065 0.0144 0.0079 0.4084 0.6490 0.2406
107 1.3426 1.2381 0.7132 0.0461 0.6672 0.0048 0.0094 0.0046 0.3556 0.2323 0.1234
108 1.2947 1.2470 0.7172 0.0337 0.6835 0.0009 0.0250 0.0241 0.3352 0.6469 0.3117
109 1.3503 1.2615 0.7153 0.0278 0.6875 0.0003 0.0528 0.0524 0.3683 0.7057 0.3374
110 1.3769 1.2483 0.7257 0.0369 0.6888 0.0023 0.0292 0.0268 0.3441 0.7834 0.4394
111 1.3971 1.2248 0.7084 0.0409 0.6675 0.0099 0.0094 0.0005 0.3340 0.6503 0.3163
112 1.2967 1.2227 0.7098 0.0454 0.6644 0.0065 0.0125 0.0060 0.5259 0.6504 0.1246
113 1.3587 1.2446 0.6985 0.0331 0.6653 0.0049 0.0015 0.0034 0.3423 0.6512 0.3089
114 1.4208 1.2314 0.6906 0.0359 0.6547 0.0117 0.0055 0.0061 0.5652 0.8227 0.2575
115 1.3161 1.2507 0.6890 0.0325 0.6566 0.0033 0.0024 0.0009 0.5224 1.3749 0.8525
116 1.3364 1.2359 0.6828 0.0269 0.6559 0.0105 0.0265 0.0160 0.4451 0.8256 0.3805
117 1.3256 1.2562 0.6927 0.0213 0.6714 0.0066 0.0055 0.0011 0.4238 0.7825 0.3587
118 1.3443 1.2442 0.6979 0.0301 0.6679 0.0022 0.0017 0.0005 0.4225 0.8244 0.4019
119 1.3441 1.2185 0.6848 0.0423 0.6425 0.0043 0.0091 0.0048 0.4961 0.7676 0.2715
120 1.3414 1.2344 0.6918 0.0190 0.6727 0.0004 0.0229 0.0225 0.5020 0.3374 0.1646
121 1.3632 1.2310 0.6915 0.0281 0.6634 0.0010 0.0184 0.0174 0.5107 0.6538 0.1431
122 1.3890 1.2480 0.6917 0.0156 0.6761 0.0010 0.0039 0.0029 0.3309 0.6388 0.3079
123 1.4095 1.2600 0.6909 0.0126 0.6784 0.0027 0.0101 0.0074 0.5124 1.1470 0.6346
124 1.4153 1.2416 0.6938 0.0383 0.6555 0.0001 0.0049 0.0048 0.3594 0.6547 0.2953
125 1.4232 1.2246 0.7018 0.0562 0.6456 0.0010 0.0016 0.0007 0.3589 0.6568 0.2979
126 1.3882 1.2325 0.7062 0.0508 0.6554 0.0074 0.0084 0.0009 0.5613 0.7486 0.1873
127 1.3518 1.2324 0.6987 0.0378 0.6608 0.0136 0.0277 0.0142 0.5397 0.6532 0.1135
128 1.4118 1.2733 0.6958 0.0171 0.6786 0.0139 0.0153 0.0014 0.5372 1.2812 0.7440
129 1.4194 1.2380 0.6917 0.0330 0.6587 0.0161 0.0101 0.0060 0.5352 0.7500 0.2148
130 1.4671 1.2420 0.7045 0.0384 0.6660 0.0202 0.0184 0.0018 0.5372 0.4564 0.0808
131 1.4681 1.2191 0.7155 0.0507 0.6648 0.0169 0.0112 0.0057 0.5384 0.8155 0.2771
132 1.4679 1.2334 0.7180 0.0389 0.6791 0.0126 0.0164 0.0038 0.5445 0.3978 0.1467
133 1.4564 1.2408 0.7170 0.0256 0.6914 0.0145 0.0016 0.0129 0.5444 0.7868 0.2424
134 1.4265 1.2411 0.7201 0.0289 0.6911 0.0032 0.0123 0.0091 0.5427 0.8163 0.2736
135 1.4165 1.2389 0.7159 0.0438 0.6721 0.0012 0.0029 0.0017 0.5412 0.8640 0.3228
136 1.4749 1.2620 0.7253 0.0377 0.6876 0.0029 0.0087 0.0058 0.4673 0.6559 0.1887
137 1.4542 1.2431 0.7398 0.0405 0.6993 0.0012 0.0069 0.0057 0.5425 0.6578 0.1153
138 1.4392 1.2111 0.7390 0.0451 0.6938 0.0003 0.0164 0.0161 0.5416 0.6579 0.1163
139 1.4490 1.2216 0.7339 0.0280 0.7058 0.0056 0.0106 0.0050 0.3724 0.6779 0.3055
140 1.4735 1.1927 0.7363 0.0539 0.6824 0.0027 0.0075 0.0049 0.5307 0.9072 0.3765
141 1.4560 1.2413 0.7340 0.0314 0.7025 0.0000 0.0070 0.0070 0.5324 0.8104 0.2780
142 1.4464 1.2388 0.7289 0.0371 0.6918 0.0082 0.0099 0.0017 0.5422 0.8893 0.3472
143 1.4277 1.2416 0.7409 0.0138 0.7271 0.0189 0.0022 0.0167 0.3878 0.2951 0.0927
144 1.4052 1.2377 0.7316 0.0379 0.6937 0.0214 0.0161 0.0053 0.5435 0.2388 0.3047
145 1.4284 1.2572 0.7360 0.0254 0.7106 0.0123 0.0037 0.0086 0.5411 0.6974 0.1563
146 1.4341 1.2307 0.7289 0.0321 0.6968 0.0062 0.0123 0.0061 0.5421 1.1738 0.6317
147 1.4215 1.2335 0.7343 0.0118 0.7225 0.0088 0.0108 0.0020 0.5433 0.7228 0.1795
148 1.4261 1.2547 0.7408 0.0052 0.7357 0.0174 0.0141 0.0034 0.5435 1.4388 0.8953
149 1.4084 1.2368 0.7495 0.0145 0.7350 0.0166 0.0218 0.0052 0.5438 0.5907 0.0469
150 1.3947 1.2069 0.7592 0.0316 0.7276 0.0228 0.0073 0.0155 0.5184 0.4049 0.1135
151 1.3696 1.2222 0.7683 0.0330 0.7353 0.0119 0.0015 0.0105 0.5446 0.7296 0.1850
152 1.3749 1.2408 0.7508 0.0311 0.7196 0.0017 0.0053 0.0036 0.5437 0.8129 0.2693
153 1.4510 1.2411 0.7634 0.0413 0.7221 0.0041 0.0027 0.0014 0.5444 0.6621 0.1178
154 1.4311 1.2510 0.7563 0.0291 0.7273 0.0013 0.0274 0.0261 0.5436 0.8527 0.3091
155 1.4512 1.2307 0.7641 0.0360 0.7281 0.0095 0.0234 0.0140 0.5431 0.6625 0.1194
156 1.4452 1.2476 0.7686 0.0037 0.7650 0.0087 0.0021 0.0065 0.5439 0.6763 0.1324
157 1.4569 1.2427 0.7767 0.0247 0.7520 0.0022 0.0075 0.0053 0.5436 1.2680 0.7244
158 1.4449 1.2425 0.7847 0.0245 0.7601 0.0033 0.0208 0.0175 0.5432 0.2391 0.3041
159 1.4426 1.2404 0.7790 0.0267 0.7523 0.0057 0.0209 0.0152 0.5436 0.5469 0.0033
160 1.4019 1.2322 0.7838 0.0215 0.7623 0.0004 0.0220 0.0217 0.5413 0.8341 0.2928
161 1.4231 1.2192 0.7867 0.0261 0.7606 0.0034 0.0066 0.0032 0.5439 0.6671 0.1232
162 1.4116 1.2514 0.7913 0.0243 0.7670 0.0104 0.0017 0.0087 0.5445 0.7249 0.1804
163 1.3735 1.2406 0.7942 0.0319 0.7623 0.0119 0.0027 0.0092 0.5455 0.8747 0.3292
164 1.3721 1.2367 0.7878 0.0352 0.7526 0.0162 0.0173 0.0011 0.5441 0.6257 0.0817
165 1.3980 1.2295 0.7874 0.0312 0.7562 0.0085 0.0084 0.0001 0.5427 0.7283 0.1855
166 1.4130 1.2391 0.7888 0.0352 0.7536 0.0103 0.0163 0.0059 0.5428 0.6824 0.1396
167 1.4242 1.1965 0.7799 0.0630 0.7169 0.0033 0.0009 0.0025 0.5417 0.6645 0.1229
168 1.3713 1.2270 0.7832 0.0446 0.7386 0.0033 0.0003 0.0030 0.5399 0.7291 0.1892
169 1.4420 1.2371 0.7901 0.0406 0.7495 0.0028 0.0253 0.0225 0.5416 0.8514 0.3099
170 1.4366 1.2156 0.7936 0.0614 0.7322 0.0030 0.0175 0.0145 0.5384 0.6825 0.1440
171 1.4374 1.2259 0.7941 0.0568 0.7372 0.0082 0.0005 0.0077 0.5400 0.6722 0.1322
172 1.4604 1.2288 0.7857 0.0352 0.7505 0.0071 0.0206 0.0134 0.5393 0.6677 0.1284
173 1.4448 1.2477 0.7946 0.0154 0.7793 0.0069 0.0031 0.0038 0.5391 0.7191 0.1800
174 1.4951 1.2254 0.7893 0.0466 0.7427 0.0001 0.0043 0.0042 0.5394 0.7318 0.1924
175 1.4918 1.2200 0.7822 0.0540 0.7282 0.0009 0.0018 0.0010 0.5394 0.9014 0.3620
176 1.5128 1.2252 0.7741 0.0454 0.7287 0.0004 0.0012 0.0008 0.5398 0.7201 0.1803
177 1.5213 1.2180 0.7817 0.0526 0.7291 0.0015 0.0098 0.0084 0.5391 0.6672 0.1281
178 1.5203 1.2257 0.7751 0.0467 0.7284 0.0072 0.0447 0.0375 0.5389 0.6673 0.1284
179 1.5598 1.2177 0.7764 0.0573 0.7191 0.0142 0.0094 0.0049 0.5401 0.6677 0.1276
180 1.5466 1.2204 0.7736 0.0564 0.7172 0.0107 0.0036 0.0072 0.5400 0.6700 0.1300
181 1.5313 1.2349 0.7850 0.0472 0.7378 0.0058 0.0139 0.0081 0.5429 0.6700 0.1271
182 1.5336 1.2354 0.7888 0.0328 0.7561 0.0135 0.0016 0.0119 0.5415 0.6700 0.1285
183 1.5589 1.2308 0.7980 0.0412 0.7568 0.0075 0.0015 0.0060 0.5528 0.6890 0.1362
184 1.5469 1.2194 0.7871 0.0492 0.7378 0.0074 0.0068 0.0007 0.5419 0.8601 0.3182
185 1.5430 1.2094 0.7955 0.0627 0.7329 0.0086 0.0059 0.0027 0.5586 0.6803 0.1217
186 1.5687 1.2244 0.7952 0.0572 0.7379 0.0099 0.0183 0.0084 0.5425 0.7505 0.2080
187 1.5297 1.2335 0.8040 0.0386 0.7654 0.0084 0.0032 0.0052 0.5435 0.6730 0.1294
188 1.5406 1.2281 0.7965 0.0339 0.7625 0.0067 0.0173 0.0106 0.5416 0.5975 0.0559
189 1.5822 1.2424 0.8051 0.0360 0.7692 0.0081 0.0154 0.0073 0.5419 0.6864 0.1445
190 1.5812 1.2320 0.7985 0.0357 0.7628 0.0063 0.0153 0.0091 0.5589 0.3448 0.2140
191 1.5863 1.2085 0.7824 0.0568 0.7256 0.0048 0.0207 0.0160 0.5619 0.8496 0.2877
192 1.5791 1.1887 0.7762 0.0760 0.7002 0.0030 0.0049 0.0019 0.5583 0.6938 0.1355
193 1.5842 1.2149 0.7902 0.0549 0.7353 0.0078 0.0054 0.0024 0.5579 0.6857 0.1278
194 1.6434 1.2094 0.7971 0.0597 0.7374 0.0011 0.0074 0.0063 0.5911 0.6722 0.0810
195 1.6174 1.2259 0.7953 0.0319 0.7634 0.0039 0.0037 0.0002 0.5824 0.6727 0.0903
196 1.6107 1.2224 0.7875 0.0136 0.7739 0.0021 0.0073 0.0053 0.5761 0.5778 0.0017
197 1.6536 1.2319 0.7926 0.0258 0.7668 0.0087 0.0022 0.0065 0.5779 0.6732 0.0953
198 1.6100 1.2278 0.7841 0.0309 0.7532 0.0024 0.0105 0.0082 0.5773 0.6875 0.1102
199 1.5695 1.2175 0.7821 0.0342 0.7479 0.0075 0.0034 0.0040 0.5794 0.6738 0.0944
200 1.6125 1.2106 0.7909 0.0514 0.7395 0.0082 0.0021 0.0061 0.5794 0.6736 0.0943
