Frame DensityError VelocityError TargetPolarization SimulatedPolarization PolarizationError TargetAngularMomentum SimulatedAngularMomentum AngularMomentumError TargetAspectRatio SimulatedAspectRatio AspectRatioError
1 0.0501 0.5510 0.7465 0.7716 0.0251 0.0033 0.0182 0.0149 0.9835 0.3413 0.6422
2 0.0815 0.5065 0.7685 0.8193 0.0508 0.0125 0.0018 0.0107 0.3456 0.6073 0.2616
3 0.2432 0.4799 0.7758 0.8527 0.0768 0.0135 0.0028 0.0107 0.4711 0.3442 0.1269
4 0.2405 0.4643 0.7905 0.8705 0.0800 0.0140 0.0086 0.0054 0.5430 0.6119 0.0689
5 0.2971 0.4552 0.7909 0.8887 0.0978 0.0301 0.0007 0.0295 0.5626 0.6122 0.0496
6 0.3170 0.4342 0.7953 0.9020 0.1067 0.0392 0.0016 0.0376 0.6306 0.6124 0.0182
7 0.3483 0.4397 0.7992 0.9152 0.1160 0.0500 0.0022 0.0478 0.3534 0.6127 0.2593
8 0.3403 0.4304 0.8109 0.9231 0.1122 0.0473 0.0032 0.0441 0.3970 0.6129 0.2159
9 0.3813 0.4160 0.8108 0.9227 0.1119 0.0567 0.0039 0.0528 0.5689 0.6131 0.0443
10 0.4461 0.4104 0.8178 0.9247 0.1069 0.0603 0.0055 0.0548 0.6265 0.6134 0.0131
11 0.4395 0.4124 0.8124 0.9258 0.1134 0.0608 0.0006 0.0602 0.3605 0.6136 0.2531
12 0.4957 0.3937 0.8159 0.9291 0.1132 0.0662 0.0026 0.0636 0.4567 0.6138 0.1571
13 0.4998 0.3961 0.8102 0.9306 0.1204 0.0750 0.0008 0.0742 0.4443 0.6140 0.1697
14 0.5273 0.3812 0.8273 0.9360 0.1087 0.0631 0.0021 0.0610 0.4366 0.6142 0.1776
15 0.5055 0.3938 0.8211 0.9364 0.1153 0.0625 0.0002 0.0623 0.4733 0.6145 0.1412
16 0.5422 0.3755 0.8319 0.9366 0.1047 0.0570 0.0010 0.0560 0.4338 0.6147 0.1809
17 0.5827 0.3675 0.8280 0.9389 0.1110 0.0589 0.0013 0.0576 0.4347 0.6149 0.1802
18 0.5789 0.3740 0.8279 0.9390 0.1112 0.0600 0.0019 0.0582 0.3697 0.6151 0.2453
19 0.6644 0.3874 0.8161 0.9402 0.1241 0.0677 0.0011 0.0666 0.3640 0.6153 0.2513
20 0.6621 0.3884 0.8249 0.9397 0.1148 0.0687 0.0000 0.0687 0.3639 0.6155 0.2516
21 0.6850 0.3785 0.8302 0.9410 0.1109 0.0670 0.0000 0.0670 0.3495 0.6157 0.2662
22 0.6830 0.3757 0.8371 0.9412 0.1042 0.0656 0.0000 0.0656 0.3357 0.6159 0.2803
23 0.6984 0.3731 0.8319 0.9409 0.1090 0.0732 0.0005 0.0727 0.3611 0.6161 0.2551
24 0.6879 0.3665 0.8404 0.9407 0.1003 0.0710 0.0002 0.0709 0.3897 0.6163 0.2267
25 0.7203 0.3668 0.8305 0.9402 0.1097 0.0684 0.0007 0.0677 0.3643 0.6165 0.2523
26 0.7160 0.3586 0.8418 0.9404 0.0987 0.0678 0.0011 0.0668 0.3670 0.6167 0.2497
27 0.7180 0.3535 0.8403 0.9403 0.1000 0.0673 0.0017 0.0656 0.3556 0.6169 0.2614
28 0.7273 0.3581 0.8449 0.9395 0.0946 0.0631 0.0024 0.0607 0.3539 0.6171 0.2633
29 0.7858 0.3629 0.8360 0.9388 0.1028 0.0600 0.0037 0.0563 0.3532 0.6174 0.2641
30 0.8056 0.3662 0.8329 0.9386 0.1057 0.0573 0.0044 0.0529 0.3313 0.6176 0.2862
31 0.7757 0.3564 0.8269 0.9383 0.1115 0.0551 0.0048 0.0503 0.2697 0.6178 0.3481
32 0.8115 0.3537 0.8299 0.9382 0.1083 0.0514 0.0050 0.0464 0.3205 0.6179 0.2974
33 0.7894 0.3546 0.8228 0.9372 0.1144 0.0467 0.0049 0.0418 0.3242 0.6181 0.2939
34 0.8250 0.3536 0.8285 0.9367 0.1082 0.0428 0.0053 0.0375 0.3286 0.6183 0.2897
35 0.7810 0.3508 0.8055 0.9356 0.1302 0.0318 0.0079 0.0239 0.3215 0.6185 0.2969
36 0.8071 0.3437 0.8185 0.9369 0.1184 0.0291 0.0061 0.0230 0.3263 0.6187 0.2924
37 0.8141 0.3447 0.8147 0.9362 0.1215 0.0268 0.0068 0.0200 0.3433 0.6188 0.2756
38 0.8304 0.3307 0.8272 0.9349 0.1078 0.0223 0.0078 0.0145 0.3414 0.6190 0.2776
39 0.8553 0.3287 0.8209 0.9359 0.1151 0.0250 0.0085 0.0165 0.3388 0.6192 0.2804
40 0.8752 0.3184 0.8303 0.9334 0.1031 0.0112 0.0096 0.0016 0.3509 0.6194 0.2685
41 0.8873 0.3229 0.8221 0.9349 0.1128 0.0063 0.0094 0.0031 0.3504 0.6197 0.2693
42 0.9231 0.3232 0.8220 0.9341 0.1121 0.0069 0.0112 0.0044 0.3377 0.6198 0.2821
43 0.8881 0.3310 0.8185 0.9350 0.1165 0.0081 0.0104 0.0023 0.3407 0.6201 0.2794
44 0.8767 0.3330 0.8242 0.9330 0.1088 0.0052 0.0110 0.0058 0.3294 0.6202 0.2909
45 0.8992 0.3313 0.8119 0.9341 0.1222 0.0041 0.0110 0.0069 0.3246 0.6207 0.2961
46 0.8682 0.3297 0.8076 0.9332 0.1256 0.0070 0.0137 0.0067 0.3237 0.6208 0.2971
47 0.8390 0.3466 0.7895 0.9344 0.1448 0.0050 0.0127 0.0077 0.3242 0.6211 0.2969
48 0.9083 0.3393 0.7953 0.9332 0.1379 0.0099 0.0131 0.0031 0.3141 0.6212 0.3071
49 0.8307 0.3483 0.7916 0.9325 0.1408 0.0028 0.0141 0.0113 0.3369 0.6214 0.2846
50 0.8652 0.3556 0.7834 0.9316 0.1482 0.0017 0.0151 0.0135 0.3392 0.6219 0.2827
51 0.8469 0.3676 0.7788 0.9331 0.1543 0.0005 0.0144 0.0139 0.3392 0.6224 0.2832
52 0.8488 0.3587 0.7796 0.9312 0.1516 0.0004 0.0163 0.0159 0.3252 0.6225 0.2974
53 0.8735 0.3785 0.7680 0.9328 0.1648 0.0055 0.0151 0.0096 0.3255 0.6229 0.2973
54 0.8154 0.3836 0.7756 0.9309 0.1553 0.0150 0.0175 0.0026 0.2990 0.6230 0.3240
55 0.8282 0.3977 0.7749 0.9313 0.1564 0.0023 0.0170 0.0147 0.2977 0.6236 0.3259
56 0.8227 0.3930 0.7876 0.9309 0.1434 0.0023 0.0169 0.0146 0.2983 0.6236 0.3253
57 0.8312 0.3970 0.7901 0.9305 0.1404 0.0025 0.0171 0.0145 0.2954 0.6241 0.3287
58 0.8747 0.3950 0.7853 0.9314 0.1460 0.0018 0.0171 0.0153 0.2867 0.6244 0.3377
59 0.8265 0.3980 0.7826 0.9299 0.1473 0.0011 0.0193 0.0183 0.3281 0.6247 0.2965
60 0.8320 0.3944 0.7783 0.9301 0.1518 0.0091 0.0178 0.0087 0.2960 0.6249 0.3289
61 0.8028 0.4050 0.7768 0.9269 0.1501 0.0074 0.0178 0.0104 0.2894 0.6249 0.3355
62 0.8067 0.3974 0.7708 0.9290 0.1581 0.0001 0.0191 0.0190 0.2934 0.6253 0.3318
63 0.7917 0.3988 0.7684 0.9296 0.1612 0.0040 0.0193 0.0153 0.2953 0.6255 0.3302
64 0.8242 0.3882 0.7698 0.9300 0.1602 0.0083 0.0206 0.0123 0.2970 0.6257 0.3287
65 0.8543 0.3966 0.7598 0.9286 0.1688 0.0030 0.0233 0.0203 0.2731 0.6262 0.3531
66 0.8302 0.4037 0.7652 0.9279 0.1627 0.0087 0.0197 0.0109 0.3908 0.6263 0.2355
67 0.8239 0.4086 0.7493 0.9268 0.1775 0.0113 0.0192 0.0080 0.3510 0.6264 0.2754
68 0.8429 0.4107 0.7463 0.9250 0.1787 0.0165 0.0198 0.0033 0.3509 0.6267 0.2758
69 0.8736 0.4210 0.7361 0.9252 0.1890 0.0118 0.0203 0.0085 0.2751 0.6269 0.3518
70 0.8990 0.4245 0.7288 0.9251 0.1963 0.0136 0.0196 0.0060 0.3494 0.6274 0.2780
71 0.8622 0.4459 0.7259 0.9249 0.1991 0.0013 0.0220 0.0207 0.2983 0.6276 0.3293
72 0.8733 0.4433 0.7261 0.9250 0.1989 0.0080 0.0204 0.0124 0.3479 0.6277 0.2798
73 0.8943 0.4474 0.7202 0.9272 0.2070 0.0150 0.0230 0.0080 0.3339 0.6282 0.2943
74 0.9146 0.4709 0.7081 0.9255 0.2173 0.0040 0.0227 0.0186 0.3392 0.6282 0.2889
75 0.9106 0.4651 0.6999 0.9259 0.2260 0.0053 0.0227 0.0174 0.3733 0.6287 0.2554
76 0.9662 0.4703 0.7186 0.9262 0.2076 0.0022 0.0227 0.0205 0.5374 0.6289 0.0915
77 0.9323 0.4596 0.7217 0.9255 0.2038 0.0159 0.0238 0.0079 0.3455 0.6291 0.2836
78 0.9333 0.4253 0.7446 0.9259 0.1812 0.0116 0.0238 0.0121 0.2778 0.6294 0.3517
79 0.9756 0.4421 0.7383 0.9247 0.1864 0.0050 0.0232 0.0181 0.2766 0.6297 0.3531
80 0.9556 0.4396 0.7418 0.9244 0.1826 0.0029 0.0229 0.0200 0.4248 0.6300 0.2053
81 0.9479 0.4460 0.7342 0.9240 0.1898 0.0104 0.0230 0.0126 0.5223 0.6301 0.1078
82 0.9501 0.4496 0.7294 0.9238 0.1944 0.0204 0.0227 0.0023 0.2914 0.6303 0.3389
83 0.9481 0.4558 0.7288 0.9239 0.1951 0.0190 0.0236 0.0046 0.3688 0.6306 0.2618
84 0.9566 0.4596 0.7294 0.9234 0.1940 0.0195 0.0233 0.0038 0.3685 0.6310 0.2625
85 0.9637 0.4664 0.7160 0.9242 0.2082 0.0326 0.0228 0.0098 0.3757 0.6314 0.2557
86 0.9837 0.4762 0.7143 0.9245 0.2102 0.0248 0.0222 0.0026 0.3012 0.6316 0.3303
87 1.0045 0.4693 0.7144 0.9244 0.2100 0.0224 0.0226 0.0002 0.2991 0.6319 0.3328
88 1.0204 0.4688 0.7170 0.9243 0.2073 0.0240 0.0227 0.0013 0.3018 0.6321 0.3303
89 1.0580 0.4611 0.7225 0.9236 0.2010 0.0196 0.0226 0.0029 0.3452 0.6325 0.2872
90 1.0805 0.4721 0.7289 0.9232 0.1943 0.0185 0.0224 0.0038 0.2932 0.6329 0.3397
91 1.0748 0.4712 0.7265 0.9234 0.1969 0.0211 0.0227 0.0016 0.3515 0.6331 0.2816
92 1.0710 0.4637 0.7409 0.9237 0.1828 0.0221 0.0222 0.0002 0.3516 0.6332 0.2816
93 1.0894 0.4422 0.7410 0.9236 0.1825 0.0179 0.0222 0.0043 0.3546 0.6334 0.2788
94 1.0039 0.4563 0.7411 0.9234 0.1823 0.0103 0.0226 0.0122 0.3432 0.6337 0.2905
95 0.9957 0.4620 0.7364 0.9233 0.1869 0.0086 0.0227 0.0141 0.3652 0.6341 0.2689
96 1.0435 0.4704 0.7368 0.9228 0.1860 0.0068 0.0229 0.0161 0.3651 0.6344 0.2693
97 1.0813 0.4747 0.7329 0.9226 0.1897 0.0006 0.0220 0.0214 0.3481 0.6345 0.2863
98 1.1183 0.4862 0.7144 0.9223 0.2079 0.0071 0.0227 0.0157 0.3340 0.6349 0.3009
99 1.1118 0.4851 0.6998 0.9202 0.2204 0.0076 0.0246 0.0170 0.3325 0.6350 0.3025
100 1.1145 0.4732 0.7052 0.9222 0.2170 0.0091 0.0224 0.0133 0.3642 0.6351 0.2709
101 1.0424 0.4811 0.6933 0.9198 0.2265 0.0026 0.0253 0.0227 0.3552 0.6356 0.2804
102 1.0600 0.4680 0.7004 0.9209 0.2205 0.0083 0.0249 0.0167 0.3678 0.6360 0.2682
103 1.0831 0.4849 0.6955 0.9196 0.2242 0.0065 0.0254 0.0188 0.3562 0.6362 0.2800
104 1.0782 0.4659 0.7013 0.9198 0.2185 0.0007 0.0244 0.0237 0.3762 0.6363 0.2601
105 1.1100 0.4747 0.6979 0.9210 0.2231 0.0106 0.0230 0.0124 0.3932 0.6366 0.2435
106 1.0930 0.4671 0.7037 0.9210 0.2173 0.0065 0.0233 0.0168 0.4084 0.6368 0.2283
107 1.0977 0.4544 0.7132 0.9217 0.2085 0.0048 0.0226 0.0177 0.3556 0.6368 0.2812
108 1.0723 0.4543 0.7172 0.9219 0.2048 0.0009 0.0249 0.0240 0.3352 0.6373 0.3020
109 1.1379 0.4560 0.7153 0.9222 0.2070 0.0003 0.0247 0.0243 0.3683 0.6375 0.2691
110 1.1604 0.4400 0.7257 0.9211 0.1954 0.0023 0.0256 0.0233 0.3441 0.6378 0.2938
111 1.1516 0.4597 0.7084 0.9225 0.2141 0.0099 0.0246 0.0147 0.3340 0.6383 0.3042
112 1.0807 0.4523 0.7098 0.9224 0.2126 0.0065 0.0251 0.0187 0.5259 0.6386 0.1128
113 1.1178 0.4579 0.6985 0.9220 0.2235 0.0049 0.0256 0.0207 0.3423 0.6388 0.2965
114 1.1921 0.4692 0.6906 0.9220 0.2315 0.0117 0.0261 0.0144 0.5652 0.6391 0.0739
115 1.1080 0.4992 0.6890 0.9221 0.2330 0.0033 0.0263 0.0230 0.5224 0.6394 0.1170
116 1.1332 0.4857 0.6828 0.9222 0.2395 0.0105 0.0262 0.0157 0.4451 0.6398 0.1947
117 1.1293 0.4823 0.6927 0.9221 0.2294 0.0066 0.0262 0.0196 0.4238 0.6401 0.2163
118 1.1491 0.4800 0.6979 0.9220 0.2241 0.0022 0.0267 0.0245 0.4225 0.6406 0.2182
119 1.1428 0.4959 0.6848 0.9219 0.2371 0.0043 0.0267 0.0223 0.4961 0.6408 0.1447
120 1.1570 0.4923 0.6918 0.9221 0.2303 0.0004 0.0269 0.0265 0.5020 0.6412 0.1392
121 1.1880 0.4972 0.6915 0.9212 0.2297 0.0010 0.0262 0.0252 0.5107 0.6416 0.1309
122 1.1857 0.5044 0.6917 0.9212 0.2296 0.0010 0.0261 0.0251 0.3309 0.6419 0.3110
123 1.2204 0.4976 0.6909 0.9214 0.2305 0.0027 0.0264 0.0238 0.5124 0.6423 0.1300
124 1.2014 0.4797 0.6938 0.9213 0.2275 0.0001 0.0265 0.0264 0.3594 0.6427 0.2833
125 1.1916 0.4714 0.7018 0.9212 0.2194 0.0010 0.0262 0.0252 0.3589 0.6430 0.2841
126 1.1826 0.4632 0.7062 0.9215 0.2153 0.0074 0.0262 0.0187 0.5613 0.6432 0.0819
127 1.1572 0.4426 0.6987 0.9217 0.2230 0.0136 0.0259 0.0123 0.5397 0.6436 0.1038
128 1.1807 0.4498 0.6958 0.9216 0.2258 0.0139 0.0262 0.0123 0.5372 0.6440 0.1067
129 1.2030 0.4447 0.6917 0.9219 0.2302 0.0161 0.0265 0.0104 0.5352 0.6445 0.1093
130 1.2298 0.4397 0.7045 0.9216 0.2172 0.0202 0.0252 0.0050 0.5372 0.6446 0.1074
131 1.1963 0.4473 0.7155 0.9217 0.2062 0.0169 0.0247 0.0078 0.5384 0.6448 0.1064
132 1.2048 0.4425 0.7180 0.9214 0.2033 0.0126 0.0257 0.0131 0.5445 0.6453 0.1008
133 1.2013 0.4543 0.7170 0.9213 0.2043 0.0145 0.0260 0.0115 0.5444 0.6457 0.1013
134 1.1528 0.4516 0.7201 0.9213 0.2012 0.0032 0.0258 0.0226 0.5427 0.6465 0.1038
135 1.1815 0.4638 0.7159 0.9215 0.2056 0.0012 0.0261 0.0249 0.5412 0.6468 0.1055
136 1.2822 0.4627 0.7253 0.9209 0.1956 0.0029 0.0254 0.0225 0.4673 0.6468 0.1795
137 1.2596 0.4698 0.7398 0.9215 0.1817 0.0012 0.0259 0.0247 0.5425 0.6471 0.1046
138 1.2101 0.4659 0.7390 0.9212 0.1822 0.0003 0.0262 0.0258 0.5416 0.6475 0.1059
139 1.1947 0.4554 0.7339 0.9219 0.1880 0.0056 0.0270 0.0214 0.3724 0.6479 0.2755
140 1.2788 0.4522 0.7363 0.9221 0.1858 0.0027 0.0271 0.0244 0.5307 0.6483 0.1176
141 1.2214 0.4615 0.7340 0.9225 0.1885 0.0000 0.0271 0.0271 0.5324 0.6486 0.1161
142 1.2279 0.4599 0.7289 0.9221 0.1932 0.0082 0.0271 0.0189 0.5422 0.6489 0.1067
143 1.2126 0.4359 0.7409 0.9206 0.1798 0.0189 0.0274 0.0086 0.3878 0.6494 0.2616
144 1.2479 0.4465 0.7316 0.9214 0.1898 0.0214 0.0288 0.0074 0.5435 0.6499 0.1064
145 1.2448 0.4410 0.7360 0.9219 0.1859 0.0123 0.0279 0.0156 0.5411 0.6503 0.1092
146 1.2307 0.4429 0.7289 0.9215 0.1926 0.0062 0.0274 0.0212 0.5421 0.6505 0.1084
147 1.2591 0.4399 0.7343 0.9215 0.1872 0.0088 0.0276 0.0189 0.5433 0.6509 0.1076
148 1.2948 0.4497 0.7408 0.9209 0.1800 0.0174 0.0270 0.0095 0.5435 0.6510 0.1075
149 1.2855 0.4412 0.7495 0.9212 0.1717 0.0166 0.0279 0.0113 0.5438 0.6515 0.1078
150 1.2821 0.4268 0.7592 0.9211 0.1619 0.0228 0.0281 0.0053 0.5184 0.6519 0.1335
151 1.2347 0.4193 0.7683 0.9205 0.1521 0.0119 0.0291 0.0171 0.5446 0.6523 0.1076
152 1.2286 0.4248 0.7508 0.9204 0.1696 0.0017 0.0286 0.0269 0.5437 0.6525 0.1089
153 1.2318 0.4455 0.7634 0.9202 0.1568 0.0041 0.0286 0.0244 0.5444 0.6529 0.1086
154 1.2402 0.4449 0.7563 0.9204 0.1641 0.0013 0.0293 0.0280 0.5436 0.6534 0.1098
155 1.2996 0.4289 0.7641 0.9198 0.1557 0.0095 0.0290 0.0196 0.5431 0.6535 0.1104
156 1.2940 0.4193 0.7686 0.9196 0.1510 0.0087 0.0293 0.0206 0.5439 0.6539 0.1100
157 1.2728 0.4108 0.7767 0.9198 0.1431 0.0022 0.0294 0.0272 0.5436 0.6542 0.1105
158 1.2741 0.4133 0.7847 0.9199 0.1352 0.0033 0.0292 0.0259 0.5432 0.6545 0.1113
159 1.2781 0.4077 0.7790 0.9194 0.1404 0.0057 0.0287 0.0230 0.5436 0.6547 0.1111
160 1.2302 0.4158 0.7838 0.9197 0.1359 0.0004 0.0298 0.0294 0.5413 0.6553 0.1140
161 1.2371 0.4216 0.7867 0.9190 0.1323 0.0034 0.0294 0.0259 0.5439 0.6554 0.1114
162 1.2411 0.4218 0.7913 0.9173 0.1260 0.0104 0.0281 0.0177 0.5445 0.6557 0.1112
163 1.2301 0.4096 0.7942 0.9172 0.1230 0.0119 0.0287 0.0168 0.5455 0.6560 0.1106
164 1.2246 0.4209 0.7878 0.9170 0.1292 0.0162 0.0283 0.0121 0.5441 0.6564 0.1123
165 1.2079 0.4244 0.7874 0.9167 0.1293 0.0085 0.0279 0.0194 0.5427 0.6567 0.1140
166 1.1994 0.4053 0.7888 0.9174 0.1286 0.0103 0.0293 0.0190 0.5428 0.6571 0.1143
167 1.2168 0.4159 0.7799 0.9171 0.1372 0.0033 0.0302 0.0268 0.5417 0.6573 0.1156
168 1.2003 0.4088 0.7832 0.9153 0.1321 0.0033 0.0319 0.0286 0.5399 0.6580 0.1181
169 1.2432 0.4105 0.7901 0.9146 0.1245 0.0028 0.0284 0.0256 0.5416 0.6579 0.1164
170 1.2418 0.4025 0.7936 0.9146 0.1210 0.0030 0.0284 0.0253 0.5384 0.6582 0.1198
171 1.2273 0.4102 0.7941 0.9143 0.1203 0.0082 0.0278 0.0195 0.5400 0.6585 0.1186
172 1.2219 0.4070 0.7857 0.9136 0.1279 0.0071 0.0290 0.0219 0.5393 0.6590 0.1197
173 1.2154 0.4067 0.7946 0.9134 0.1188 0.0069 0.0289 0.0220 0.5391 0.6592 0.1201
174 1.2230 0.4058 0.7893 0.9130 0.1238 0.0001 0.0291 0.0290 0.5394 0.6592 0.1198
175 1.2468 0.4187 0.7822 0.9139 0.1317 0.0009 0.0295 0.0286 0.5394 0.6598 0.1204
176 1.2442 0.4113 0.7741 0.9147 0.1406 0.0004 0.0296 0.0292 0.5398 0.6600 0.1202
177 1.2918 0.4048 0.7817 0.9137 0.1320 0.0015 0.0290 0.0276 0.5391 0.6600 0.1210
178 1.2971 0.4170 0.7751 0.9141 0.1390 0.0072 0.0292 0.0220 0.5389 0.6607 0.1218
179 1.3070 0.4188 0.7764 0.9140 0.1376 0.0142 0.0293 0.0151 0.5401 0.6608 0.1207
180 1.3647 0.4206 0.7736 0.9138 0.1402 0.0107 0.0296 0.0188 0.5400 0.6608 0.1208
181 1.3624 0.4173 0.7850 0.9138 0.1288 0.0058 0.0290 0.0232 0.5429 0.6613 0.1184
182 1.3544 0.4119 0.7888 0.9135 0.1246 0.0135 0.0287 0.0152 0.5415 0.6615 0.1200
183 1.3540 0.4231 0.7980 0.9134 0.1155 0.0075 0.0284 0.0209 0.5528 0.6618 0.1090
184 1.3246 0.4167 0.7871 0.9137 0.1267 0.0074 0.0279 0.0204 0.5419 0.6620 0.1201
185 1.3470 0.4217 0.7955 0.9136 0.1181 0.0086 0.0293 0.0207 0.5586 0.6624 0.1037
186 1.3588 0.4185 0.7952 0.9139 0.1187 0.0099 0.0278 0.0179 0.5425 0.6621 0.1196
187 1.3345 0.4092 0.8040 0.9145 0.1105 0.0084 0.0287 0.0204 0.5435 0.6625 0.1190
188 1.3143 0.4285 0.7965 0.9141 0.1176 0.0067 0.0290 0.0223 0.5416 0.6630 0.1214
189 1.3026 0.4257 0.8051 0.9137 0.1085 0.0081 0.0291 0.0210 0.5419 0.6632 0.1213
190 1.3057 0.4245 0.7985 0.9137 0.1152 0.0063 0.0295 0.0233 0.5589 0.6634 0.1045
191 1.3313 0.4404 0.7824 0.9132 0.1308 0.0048 0.0296 0.0248 0.5619 0.6635 0.1016
192 1.3179 0.4258 0.7762 0.9129 0.1367 0.0030 0.0298 0.0267 0.5583 0.6638 0.1054
193 1.3093 0.4336 0.7902 0.9132 0.1230 0.0078 0.0295 0.0217 0.5579 0.6638 0.1058
194 1.3632 0.4323 0.7971 0.9131 0.1160 0.0011 0.0295 0.0284 0.5911 0.6641 0.0729
195 1.3383 0.4181 0.7953 0.9133 0.1180 0.0039 0.0295 0.0256 0.5824 0.6645 0.0821
196 1.3330 0.4214 0.7875 0.9134 0.1259 0.0021 0.0298 0.0277 0.5761 0.6648 0.0887
197 1.3453 0.4212 0.7926 0.9125 0.1199 0.0087 0.0307 0.0220 0.5779 0.6653 0.0874
198 1.3357 0.4448 0.7841 0.9130 0.1289 0.0024 0.0300 0.0276 0.5773 0.6652 0.0880
199 1.3191 0.4398 0.7821 0.9122 0.1301 0.0075 0.0300 0.0225 0.5794 0.6655 0.0861
200 1.3486 0.4409 0.7909 0.9120 0.1211 0.0082 0.0296 0.0214 0.5794 0.6658 0.0864
