NonAccessibleGrid 
NAGEND
GuidanceField
GF 5 0 -0.1596644102715253 0.43684629048426854
GF 6 0 -0.09172364210069643 0.54609322403383
GF 7 0 -1.3745117566744935 0.10114167022611184
GF 9 0 -0.41954624983999467 0.4547945633013215
GF 10 0 -5.308673918247223 0.37093554344028234
GF 12 0 -3.2924841940402985 -0.3973971903324127
GF 24 0 0.0026281040379845825 0.46683427411176043
GF 24 1 0.04771073124662458 0.15352473595387436
GF 24 2 0.021538376662959966 -0.03241473011305536
GF 5 3 -0.5266767649274137 -0.4761992607167685
GF 5 4 -0.42258964439756 -0.617494600392028
GF 24 4 -0.015204487160761726 -0.2722012059485716
GF 5 5 -0.077971589414832 -0.07969580810332018
GF 10 5 -5.954663693904877 0.8708691895008087
GF 11 5 -5.256495237768903 0.044042725359513826
GF 12 5 -5.907486685072394 -1.02054922614061
GF 13 5 -5.356667673213472 -1.966020443016651
GF 14 5 -4.674989351202394 -3.042994777671983
GF 15 5 -2.8143402020568433 -1.933527095648258
GF 16 5 -4.189938068389893 -2.448469638824463
GF 24 5 0.26609186083078384 0.07653557105610768
GF 5 6 -0.36239500006426373 -0.06424511761388722
GF 9 6 -4.346083511883711 1.6065621930587146
GF 10 6 -4.798271650127357 1.5496017996239677
GF 11 6 -5.212499460678436 0.9638688326382346
GF 12 6 -5.572914786780273 0.20407030751654961
GF 13 6 -5.363860691584722 -0.601951766715563
GF 14 6 -5.022225442803952 -1.6840763790346143
GF 15 6 -4.77283015018237 -1.9975913939013228
GF 16 6 -4.863887521913157 -1.8161772344783118
GF 17 6 -4.344608694314958 -2.692254143265575
GF 24 6 0.1493229923519606 2.5192169767815202
GF 5 7 -0.5352009609341618 -0.17948036350675722
GF 8 7 -3.936962436295485 3.183678189913436
GF 9 7 -3.6457016376491915 2.5945099468016384
GF 10 7 -4.250870977263941 2.179028101717804
GF 11 7 -4.6197211199137875 1.4482230384595671
GF 12 7 -4.60813370922366 0.7545741054078765
GF 13 7 -4.576778995926353 -0.19406953781769445
GF 14 7 -4.722095588692397 -1.4095428428868741
GF 15 7 -4.731554832363806 -2.4166521495993654
GF 16 7 -4.614903888466794 -2.7558466158056976
GF 17 7 -4.632652933985808 -2.821282069136801
GF 18 7 -5.011936982768181 -2.723866528294792
GF 24 7 0.15799519419670105 -0.19205420588453612
GF 5 8 -0.33064142891871134 -0.07655765519627106
GF 7 8 -2.889444565264193 3.3320033699273965
GF 8 8 -3.1453435016225457 3.2422623727813753
GF 9 8 -3.4696819496284514 2.781438884229128
GF 10 8 -3.675846656686661 2.237011545226472
GF 11 8 -3.5212898984700782 1.6101913580704081
GF 12 8 -3.6232410475767085 0.9442011603759014
GF 13 8 -4.391765974194396 -0.08676656128635081
GF 14 8 -4.113606877895876 -1.044073484421782
GF 15 8 -4.195094311772046 -2.1489316602843513
GF 16 8 -4.614065760389728 -2.8788161723557044
GF 17 8 -4.730120381203833 -2.8671080425596336
GF 18 8 -4.693993508272927 -2.5935962905179264
GF 19 8 -5.071816155404756 -2.4959167013264665
GF 24 8 0.037608513434800754 0.10350014901099103
GF 5 9 -0.4698505842120084 0.128561761237028
GF 7 9 -1.8538833492890352 2.8842553082891667
GF 8 9 -2.5945196461981097 3.5191247770352847
GF 9 9 -2.8567931540896194 2.8291112781880194
GF 10 9 -2.8025117057862516 1.948407895385276
GF 11 9 -2.8088883062645325 1.6057572058571588
GF 12 9 -3.3103635824032 0.8875353625721215
GF 13 9 -3.5225098930954877 0.08458476467679733
GF 14 9 -4.053963219745994 -0.862495035611861
GF 15 9 -4.332887239670653 -1.9485753227534122
GF 16 9 -4.667428909846818 -2.410715348766245
GF 17 9 -5.0651804430604725 -2.624263030934293
GF 18 9 -5.16175461786845 -2.5834089662244772
GF 19 9 -5.264678601606587 -1.9922750808975747
GF 20 9 -5.8091266604489595 -0.8962609413496221
GF 21 9 -7.137670872588404 0.3895484781623266
GF 22 9 -8.160147307561983 0.7329218150901217
GF 23 9 -7.340980155220193 -0.25033433829820717
GF 24 9 -4.465364038902672 -0.7498936748619519
GF 5 10 -0.3803270714623587 0.09237700833805969
GF 7 10 -1.1240871736217994 3.41102093923869
GF 8 10 -1.5691167072125252 3.6706550868461045
GF 9 10 -2.033802366617595 2.948290781449275
GF 10 10 -2.160202405752776 2.3216048657586796
GF 11 10 -2.831246813572783 1.70108686423117
GF 12 10 -2.8319294663374075 1.2415775385676322
GF 13 10 -3.139545282521228 0.34254850510691515
GF 14 10 -3.5523224111820695 -0.8578467952973898
GF 15 10 -4.403861586047786 -1.445020717666749
GF 16 10 -4.766281834888397 -1.8391520695724843
GF 17 10 -5.2437885987631665 -2.1123378799809736
GF 18 10 -5.527862896251917 -2.2694531217108747
GF 19 10 -5.861891565729918 -1.8640115921587221
GF 20 10 -6.470502530224101 -0.8551545685498995
GF 21 10 -7.260903324342597 0.24275831874802328
GF 22 10 -8.020026954481187 1.0354685169542688
GF 23 10 -8.31457751556877 1.6865034708488884
GF 24 10 -3.894258639688844 0.4403478745119599
GF 5 11 -0.23783133401950932 -0.027516028919072386
GF 7 11 -0.6352017644161158 3.9269363936194974
GF 8 11 -0.8439643084897727 4.064491138411527
GF 9 11 -1.4841729268209594 2.9505858008026746
GF 10 11 -2.1488256196281994 2.24966796557251
GF 11 11 -2.4579698238941585 1.7472139182077644
GF 12 11 -3.233226510556178 1.089828004502054
GF 13 11 -3.4482693518429004 0.33634270200975536
GF 14 11 -3.890257295575532 -0.21909442395096862
GF 15 11 -4.18868165781519 -0.6866600629275145
GF 16 11 -4.587448069077626 -0.9999040003770371
GF 17 11 -4.8369903244848365 -1.3580656937933282
GF 18 11 -5.282849486901668 -1.7222229110913059
GF 19 11 -5.480351595897054 -2.1043695795558937
GF 20 11 -5.548004387358255 -2.000702681708539
GF 21 11 -6.54736646483133 -1.0230534572844971
GF 22 11 -7.294604994667748 0.35883486478162224
GF 23 11 -8.121216847050402 0.7545375010433159
GF 24 11 -4.587393425783841 1.008911653616672
GF 5 12 0.28847840676705044 0.04746815331357842
GF 7 12 -0.15876001420589914 4.3956952813243495
GF 8 12 -0.5723135008868817 4.470918822247588
GF 9 12 -1.1565313952190412 3.1729185619701856
GF 10 12 -1.7201287846361226 2.3342936109228667
GF 11 12 -2.422656913344952 1.82989414006364
GF 12 12 -2.9784368022269065 1.2328853677365321
GF 13 12 -3.219543596193739 0.5929475038585691
GF 14 12 -3.6069578710999455 0.2590371652024624
GF 15 12 -3.845245838077307 -0.35787460803663745
GF 16 12 -4.299749576196105 -0.6958817055570277
GF 17 12 -4.368143486552726 -1.2787391890556092
GF 18 12 -4.444762503946532 -1.567057837663387
GF 19 12 -4.624278811309978 -2.2073227998642797
GF 20 12 -4.476461471321827 -2.9755649437505807
GF 21 12 -4.311575118317005 -2.8745226062404328
GF 22 12 -4.194509444375984 -2.0695621522754934
GF 23 12 -7.034356089203909 1.0293398717438313
GF 24 12 -7.191649318155309 2.9365779793459112
GF 5 13 -0.6327904620303375 0.28155547101050593
GF 6 13 -0.1388919989363752 -0.04892145525429132
GF 7 13 0.10056034231272767 4.491153860470051
GF 8 13 -0.23790920980851626 4.770974817447115
GF 9 13 -0.9663807903918027 3.8453342342168217
GF 10 13 -1.7191788738356706 2.70675580697523
GF 11 13 -2.438141823428502 2.0934944605159216
GF 12 13 -2.9197224693484567 1.2961628938720862
GF 13 13 -3.3669605096221367 0.8093422452058584
GF 14 13 -3.6004839189588096 0.26598252725045474
GF 15 13 -3.7889836582626235 -0.22822955039970996
GF 16 13 -3.959276876061598 -0.8683453712200255
GF 17 13 -3.935488544782385 -1.175038159942284
GF 18 13 -3.883633676588771 -1.6171231722257995
GF 19 13 -3.668374060500989 -2.2946686806402807
GF 20 13 -3.829692343041608 -3.063837720676633
GF 21 13 -3.65710425313635 -3.6630544678744736
GF 22 13 -2.8968752597938807 -3.6067559351904617
GF 23 13 -2.071537980672497 -3.570482719595544
GF 24 13 -2.3567571341991425 2.4615964591503143
GF 5 14 -0.24703732509351536 0.06122343815513888
GF 7 14 0.08702320672174176 4.741413104646643
GF 8 14 -0.21716502938734394 5.163141491952788
GF 9 14 -0.9921839810804294 4.327049669495937
GF 10 14 -1.5693546543076378 3.0741716219843362
GF 11 14 -2.129824750587177 2.2007963927195937
GF 12 14 -2.504564328882558 1.5291521044432186
GF 13 14 -2.9739141365982267 0.9028482208289547
GF 14 14 -3.242144678025593 0.41789991485408085
GF 15 14 -3.322389595536439 -0.11450822988595553
GF 16 14 -3.239969264159541 -0.8073437976839063
GF 17 14 -3.392804951515639 -1.4390479592461074
GF 18 14 -3.217758652436728 -1.9412436678279374
GF 19 14 -3.1223159511622582 -2.5219345139531355
GF 20 14 -2.9024114604823907 -3.036639867883576
GF 21 14 -2.7558039348365138 -3.728171079517152
GF 22 14 -2.449485686592032 -3.938933284364383
GF 23 14 -1.4450051281937983 -4.042925037399518
GF 6 15 0.09884651184880308 2.2790091484785084
GF 7 15 -0.04936646090885722 4.871047045046962
GF 8 15 -0.3705745143869044 5.593947566196423
GF 9 15 -0.8203154071405621 4.863603698159688
GF 10 15 -1.4135559727009455 3.168189690664543
GF 11 15 -1.821585948123186 2.2421844867826364
GF 12 15 -2.1047375066903427 1.5735374521291179
GF 13 15 -2.483219560959069 1.0463672488214368
GF 14 15 -2.906782831641826 0.5215551681701757
GF 15 15 -2.9664292936544876 -0.11180952545327007
GF 16 15 -2.7055911752838417 -1.0696124572255101
GF 17 15 -2.4227382980267 -1.3501767991640032
GF 18 15 -2.620773784042538 -2.048809723834891
GF 19 15 -2.654811556403026 -2.7653880604234087
GF 20 15 -2.4062225118077767 -3.420053159550277
GF 21 15 -2.1816525842573284 -3.6945175230636176
GF 22 15 -1.8962986775903103 -4.034277337882308
GF 23 15 -1.332388660978173 -4.523236933141343
GF 24 15 -0.8306747617835765 -4.2811014959198275
GF 6 16 -0.46883073522660285 3.520633421446148
GF 7 16 -0.028466722261979577 5.28522654702217
GF 8 16 -0.25835568297161965 5.955729967514209
GF 9 16 -0.5427897777809197 5.132883836510557
GF 10 16 -1.0295132338057786 3.553148664616454
GF 11 16 -1.6497241614296567 2.36624854798158
GF 12 16 -1.87502189824864 1.6599780884115511
GF 13 16 -2.227882020236247 1.0164059830528027
GF 14 16 -2.0259028095564653 0.4254591896636127
GF 15 16 -2.457565377298749 -0.3272979764850302
GF 16 16 -2.0681133227957162 -1.3586737029101912
GF 17 16 -2.0514854517260317 -1.6782562660319031
GF 18 16 -1.906880533852462 -2.0231226159342186
GF 19 16 -2.0632750120813457 -2.932869802441568
GF 20 16 -1.8818146320165057 -3.4972752196184813
GF 21 16 -1.850513223982153 -3.8838205115447546
GF 22 16 -1.7731532834335584 -3.832941473758883
GF 23 16 -1.500395880489394 -3.950416603690161
GF 24 16 -2.3416748045165696 -3.003358251933902
GF 5 17 -0.12578620345969976 -0.012915806079700743
GF 6 17 0.014991877488196343 0.3249191494010134
GF 7 17 0.17483623773809026 5.599419479617778
GF 8 17 0.05489565526444334 6.120810855295182
GF 9 17 -0.28500689919939165 5.301269933750884
GF 10 17 -0.808307229193308 3.8645022654093726
GF 11 17 -1.3133701096998247 2.4231983917058404
GF 12 17 -1.401344781265241 1.686883388257644
GF 13 17 -1.5182199977442432 1.0207217108547446
GF 14 17 -1.2900933343690617 0.2570836581882577
GF 15 17 -1.5864406257436952 -0.43649813459112663
GF 16 17 -1.3136956595639595 -1.2963402436552471
GF 17 17 -1.3653563285842765 -1.9760267502657913
GF 18 17 -1.2879359384125553 -2.3038761856366445
GF 19 17 -1.2244890751515325 -2.996604089262797
GF 20 17 -1.2836574456690915 -3.741515442660912
GF 21 17 -1.1352784789934138 -3.8413953669270917
GF 22 17 -0.9366200282240744 -3.9913210764624067
GF 23 17 -0.6126164234989154 -3.9585164292347526
GF 24 17 -0.8121029052701665 -4.932914486018618
GF 5 18 -0.1597697112422442 -0.11811039725272396
GF 6 18 -0.023940496146678925 -0.003761269928266605
GF 7 18 0.4955412742298396 5.867773868838962
GF 8 18 0.394064417173166 6.41223618290778
GF 9 18 0.01796426464461557 5.582752524188295
GF 10 18 -0.35571100144839307 3.985031897889669
GF 11 18 -0.8049807851846454 2.3553775991306174
GF 12 18 -0.9548346608243666 1.6481344463777015
GF 13 18 -0.6220088509878411 1.0314783794576488
GF 14 18 -0.465397485527666 0.33244757834067973
GF 15 18 -0.8294550178275963 -0.6414474613439558
GF 16 18 -0.35121894367024564 -1.2336017625100058
GF 17 18 -0.426789864443236 -1.902605160560874
GF 18 18 -0.7180794355075534 -2.4873712466250995
GF 19 18 -0.4816122859508839 -3.169949559169358
GF 20 18 -0.6492614866910025 -3.804026861773054
GF 21 18 -0.6713737520473579 -4.1231057080864595
GF 22 18 -0.2393772764155591 -4.385850181773996
GF 23 18 0.06034451230073826 -4.347807725012048
GF 5 19 -0.8326008717219034 -0.19042773793141046
GF 7 19 0.7163985240434831 6.162650185344811
GF 8 19 0.6969059945047158 6.676368030246708
GF 9 19 0.43947153995552857 5.879215851737645
GF 10 19 0.3185647879868213 4.152564978950124
GF 11 19 -0.46481951607263683 2.5789023398702255
GF 12 19 -0.751184538037499 1.2937850309873662
GF 13 19 -0.24496531165083849 0.5928921725241462
GF 14 19 0.040461615963405924 0.4353082347195374
GF 15 19 0.10124893828838682 -0.6325034892137671
GF 16 19 -0.19946120942608728 -1.5938057299825719
GF 17 19 -0.09045029668089898 -1.6946411203867047
GF 18 19 -0.15985316853325907 -2.4711173197172336
GF 19 19 -0.17038485845472243 -3.2900955458168477
GF 20 19 -0.23232625718277244 -3.8577228769756164
GF 21 19 0.0905029923863825 -4.31641543382838
GF 22 19 0.4922438225934172 -4.64587086436752
GF 23 19 1.0235203335357752 -4.681251002528089
GF 7 20 0.9178076029701681 6.347026909172363
GF 8 20 0.7820383508317625 7.037675878777005
GF 9 20 0.6306059600201301 6.063107911890981
GF 10 20 0.4431667144172247 4.25401859322448
GF 11 20 0.358866225059547 2.4894717214369466
GF 12 20 0.19493690339779862 1.22524120766493
GF 13 20 0.058623101786983545 0.4961695877287616
GF 14 20 -0.05103291360743367 0.1916208695628671
GF 15 20 0.17012236190764768 -0.5636770867036611
GF 16 20 0.4691337071795498 -1.4938795805269474
GF 17 20 0.3220404988102969 -1.538137775467833
GF 18 20 0.25668668965817765 -2.3087436993450727
GF 19 20 0.20935005362248518 -3.043916935654623
GF 20 20 0.2162994683746537 -3.8865069015681475
GF 21 20 0.800774219990587 -4.681773459112535
GF 22 20 1.2618795361216437 -4.695431745514821
GF 23 20 1.8431738884669129 -4.842385554683423
GF 7 21 0.7073206582270757 6.4379648289755735
GF 8 21 0.8808760093960295 7.383887489992825
GF 9 21 0.9658331849500742 6.253216429428607
GF 10 21 1.0616441132143404 4.540008088487672
GF 11 21 0.945959294819025 2.3788398306660996
GF 12 21 1.0672291349499772 1.287682189737446
GF 13 21 1.077330511226049 0.586134726446394
GF 14 21 0.7738118291132287 -0.040541428541534405
GF 15 21 0.8604361986302802 -0.9495637984832477
GF 16 21 1.0216629150916292 -1.7689027064482328
GF 17 21 0.7230247113306079 -1.6711940673531
GF 18 21 0.8129649204008281 -2.465373838093439
GF 19 21 0.8102116432593164 -3.0263855277709872
GF 20 21 1.2466025135012673 -4.226108786433114
GF 21 21 1.6304999295300033 -4.815134901116258
GF 22 21 1.9918085095892464 -4.898116242232582
GF 23 21 2.5369698414251443 -4.509888754418157
GF 7 22 0.6861416618735254 5.957895389261587
GF 8 22 1.1595182562924127 7.548018825163227
GF 9 22 1.343122320513833 6.545304271225145
GF 10 22 1.5926605684247115 4.607360081998307
GF 11 22 1.5225360841322662 2.845850937556672
GF 12 22 1.458319348720311 1.369061655681496
GF 13 22 1.400415947287963 0.6744417412596421
GF 14 22 1.783955486108414 0.178082755979289
GF 15 22 1.4545016977143062 -0.5678465790608674
GF 16 22 1.5557655688901724 -1.3307860495435044
GF 17 22 1.689481727081844 -1.9363502830996515
GF 18 22 1.3262192046280767 -2.6089938559165002
GF 19 22 1.4782390576634241 -3.2986173776100904
GF 20 22 2.1688942290921354 -4.842291747761514
GF 21 22 2.381771417348918 -5.060724497685228
GF 22 22 1.7606422654992617 -5.150166448401568
GF 7 23 0.8858366871073592 6.079418714282493
GF 8 23 1.5119544305514083 7.500978727216781
GF 9 23 2.0243710322240425 6.820604607719112
GF 10 23 2.2997479002216403 4.786338323905062
GF 11 23 2.538139708314621 2.9213052764247496
GF 12 23 2.619705381710741 1.3702885272433922
GF 13 23 1.8562138055305315 0.25793787134498575
GF 14 23 2.042059640078172 0.1297628730374932
GF 15 23 2.1379245246598257 -0.34457324262310063
GF 16 23 2.0965848969935217 -1.4018833493459133
GF 17 23 2.310110774585089 -2.1195154164777152
GF 18 23 2.1221440882983575 -2.812159776535652
GF 19 23 2.5321971321999928 -3.7782825063758056
GF 20 23 2.770347446866574 -4.9827928951784335
GF 21 23 2.727906684236086 -4.938746182451242
GF 22 23 2.0876871980336387 -4.158027607534241
GF 23 23 2.468124617229808 -2.0539989904923868
GF 7 24 1.322252960478674 6.135720112284676
GF 8 24 2.0521646294352744 7.418401989497993
GF 9 24 2.6725099943878963 7.064027318872018
GF 10 24 2.7966637804520205 4.984840880999469
GF 11 24 3.040548542896709 3.2211660057001015
GF 12 24 2.7750603992982885 1.5431903342011177
GF 13 24 2.560569937534746 0.4109754591163511
GF 14 24 2.430406508698708 -0.36953855985954737
GF 15 24 2.2813399922678332 -0.8377925074667072
GF 16 24 2.462285856193626 -1.6035846093083292
GF 17 24 2.861750616616805 -2.3991815366814144
GF 18 24 3.01009011228406 -3.23555439626923
GF 19 24 3.1805018916544654 -4.189469608662022
GF 20 24 3.37917004272294 -5.015847173493157
GF 21 24 2.5470207380566996 -4.528466959572322
GF 22 24 1.8590404603768882 -2.8991934747953034
GF 23 24 -2.093156337738037 0.6226068735122681
GF 8 25 2.755270968516305 7.330705762348179
GF 9 25 3.338902974994614 7.043304586272919
GF 10 25 3.7405900032340305 5.399135368040348
GF 11 25 3.6891193901016 3.5814249059556533
GF 12 25 3.5002039396820095 1.8027549841070896
GF 13 25 3.716094308222465 0.5810317548622694
GF 14 25 3.262854636470738 -0.430035009919936
GF 15 25 3.7049372228079633 -0.8678437631510181
GF 16 25 3.5919820404330616 -1.6967071228487962
GF 17 25 3.860110866777364 -2.718064882057547
GF 18 25 3.886531257184031 -3.2884668249463718
GF 19 25 4.214486982726163 -4.300728694557311
GF 20 25 3.8200928266635787 -4.698411299451904
GF 21 25 2.805163307586991 -3.5717116046894595
GF 22 25 2.953510583165177 -3.028499180293955
GF 8 26 3.3173316902617334 6.846459286064126
GF 9 26 3.9266579047783927 6.597901619896155
GF 10 26 4.384238874919444 5.442802136677339
GF 11 26 4.710975896053701 3.9298690759328503
GF 12 26 4.351909568981214 2.3206223980392213
GF 13 26 4.672486465300181 0.7992794557128406
GF 14 26 4.456679608806582 0.0014504980581752586
GF 15 26 4.59065848438113 -0.4811424949534914
GF 16 26 4.821878437660923 -1.4514706659497232
GF 17 26 4.701879769188579 -2.4134013148202937
GF 18 26 4.917330588232486 -3.0554190420011436
GF 19 26 4.708276798347495 -3.380323871744313
GF 20 26 4.465568031056583 -3.3077620722461605
GF 21 26 3.471441895214486 -3.650252447555306
GF 9 27 4.244014897021812 5.587431802457393
GF 10 27 4.3863205720362535 4.9931149668501
GF 11 27 5.0358773474871175 3.6217663894010297
GF 12 27 4.871475356795452 2.359124826875823
GF 13 27 4.5928544454613265 0.827810451687026
GF 14 27 4.617979537694888 -0.24358951625870062
GF 15 27 3.8975301169237038 -0.5253925768399722
GF 16 27 4.318069722158362 -1.2495793967979905
GF 17 27 4.396201097265684 -1.2607472326127545
GF 18 27 4.397676320559676 -2.0326824834279473
GF 19 27 4.257657495038314 -2.202353549710819
GF 20 27 3.6298214197900136 -2.960583511906779
GF 9 28 4.1750522334833455 5.265389015973613
GF 10 28 4.825872538726624 5.074257924032111
GF 11 28 5.869345085465121 4.776885840354681
GF 12 28 6.160768544003512 3.433946445190873
GF 13 28 5.432695023676245 1.8162987769040968
GF 14 28 5.51590567186154 0.9033664991010801
GF 15 28 4.790897752217512 -0.13886978167138755
GF 16 28 4.439060775903975 -0.8937513777643126
GF 17 28 4.167922306547835 -0.8126706423358145
GF 18 28 4.621060643659101 -2.0124352945240145
GF 19 28 4.745459494551988 -2.252030179752568
GF 10 29 5.159897667587182 4.390175373690901
GF 11 29 6.39517783853954 3.6697674596314065
GF 12 29 6.185400505470375 2.1969055437507037
GF 13 29 6.357001508862918 1.4423811917082705
GF 14 29 5.373876678000635 0.3007879379566169
GF 15 29 5.253764698592951 -0.28385573659294333
GF 16 29 4.125854459993974 -0.2902216005107217
GF 17 29 4.227702219769898 -1.0897437973469029
GF 18 29 -0.9016830921173096 -3.998654544353485
GFEND
