Resolution 80
GroundSize 144.1
FrameTime 0.03981220657276995
TotalFrameCount 212
OverallAverageSpeed 6.32777 OverallAverageSpeedSTD 1.3917775 
SpeedVSDensity
1 5.218837937936571 0.037281471107471556
2 5.84236084508676 0.02762089740446141
3 6.233443348022465 0.028459907834638826
4 6.287664032155596 0.027933460623888667
5 6.252765792433376 0.029780685698807815
6 6.217465653896033 0.03526849225725581
7 6.240544384373328 0.04499251776117141
8 6.238253645530647 0.05745067841120329
9 6.070082422930067 0.0818425271056502
10 6.197802986475275 0.13046798070854718
11 6.400626465161357 0.22763135820253663
12 7.082268278531911 0.5802967769193197
SDEND
