NonAccessibleGrid 
NAGEND
GuidanceField
GF 0 0 -0.07430084902826219 0.09012902140621316
GF 1 0 -0.138393721970921 0.21171397289256624
GF 2 0 -0.6569185269900653 -0.048366692365454905
GF 3 0 -0.06211418179594272 -0.02895001780616083
GF 4 0 0.0439313960905565 -0.21139427955040432
GF 5 0 -0.021392285422077512 -0.5255390676347905
GF 6 0 0.004820142600995795 0.0008464149808181266
GF 7 0 -0.018417096242260678 0.02905297167051365
GF 9 0 -0.04218496773391962 0.002756534342188388
GF 13 0 -0.8074480891227722 -6.430580139160156
GF 14 0 -0.037179829447995874 0.006791396497283131
GF 15 0 -0.024183743060208283 0.0004235921884313751
GF 17 0 0.07871953211724758 -1.674544334411621
GF 18 0 0.05494693068215962 -0.150051814715632
GF 0 1 -0.020968375928126847 0.03387188339726822
GF 2 1 -0.022872863959161202 0.0030679524160487706
GF 3 1 -0.014628633824121476 0.01404399413388969
GF 4 1 -0.016353773984863405 0.009919152614013582
GF 5 1 -0.02542833797633648 0.01952635496854782
GF 6 1 -0.010033822249776373 -0.010525895981118083
GF 7 1 -2.0912622213363647 -0.14532610960304737
GF 8 1 -0.16382107712949315 0.23014873772238698
GF 12 1 -0.003955251013394445 0.008060226449742913
GF 2 2 -0.019528546736442616 0.003857396276933806
GF 4 2 -1.1295459330157966 0.17915294574079477
GF 5 2 -2.8044087919427865 0.6339453567338827
GF 6 2 -0.023570727556943893 0.01819164864718914
GF 7 2 -0.03121630963869393 0.02001023618504405
GF 8 2 0.5777599081397057 0.0956663245047821
GF 12 2 -0.03425688484761244 0.011311851351314952
GF 0 3 -3.4126770875851613 -0.1301394505898003
GF 1 3 0.8031697869300842 1.5663678646087646
GF 2 3 -0.483681494411494 0.021285329919515452
GF 3 3 -0.8874046400782075 0.2264060021499807
GF 4 3 -10.176311016082764 -0.5653652250766754
GF 5 3 -7.156436443328857 -0.18695485591888428
GF 7 3 -0.5010619096457958 -1.5796877264976497
GF 8 3 -20.46590232849121 -2.14644455909729
GF 9 3 -10.90906572341919 -3.022126853466034
GF 0 4 -12.55257438640718 0.765982345208642
GF 1 4 -13.504719023824844 -0.6613217238965843
GF 2 4 -13.15406314211392 -0.5377416027616279
GF 3 4 -15.948955748615543 1.0867219948840068
GF 4 4 -17.511741627720113 3.1250023562052514
GF 5 4 -14.041653521855668 1.6425614004920261
GF 6 4 -12.443798724561937 -0.2705087269690319
GF 7 4 -10.823241189547954 -0.7785898862672705
GF 8 4 -18.247867584228512 -5.055817540486654
GF 0 5 -15.70711331339881 1.1313573368496221
GF 1 5 -16.731067908309637 -0.05790734682400753
GF 2 5 -17.276002041879217 -0.15437778921510886
GF 3 5 -16.334215885146904 -0.989464052252332
GF 4 5 -15.743197295860053 -1.0473929837951421
GF 5 5 -16.64104717150226 -1.5104097275253723
GF 6 5 -16.3600680702442 -0.5919888565439225
GF 7 5 -14.363994571477784 -0.8607067505433584
GF 8 5 -12.374247007405243 -1.9666835348275227
GF 9 5 -12.32696628426966 -1.8162633788635583
GF 10 5 -11.892766926526209 -2.1732278008953934
GF 11 5 -14.120819939149378 -2.8374282746902995
GF 12 5 -14.782942853075408 -2.767890133756274
GF 0 6 -17.612751635297613 -0.9443328935316084
GF 1 6 -17.58562177490322 -1.0159491804478558
GF 2 6 -15.411426179382186 -1.6504621265518205
GF 3 6 -15.04051988424992 -1.2599179470689428
GF 4 6 -15.517636191592892 -1.58316421423724
GF 5 6 -15.130857955021261 -2.384825060088111
GF 6 6 -17.083158670533184 -3.1572903822252165
GF 7 6 -17.725599622754416 -1.8529979660215312
GF 8 6 -15.818516679206096 -1.0732438183517061
GF 9 6 -14.551560785489253 -2.2392872216145174
GF 10 6 -13.714221385195245 -1.9732377857056642
GF 11 6 -12.763112454655126 -1.4700016911001912
GF 12 6 -16.46255587129864 -3.709859381033447
GF 13 6 -17.945180966845093 -6.590770400904743
GF 14 6 -17.073130427027607 -7.371639048559434
GF 0 7 -20.00820759124241 -1.7339499258911284
GF 1 7 -17.840539778840665 -0.9909814467393359
GF 2 7 -15.385009704547501 -1.3039666371004324
GF 3 7 -15.83108441724745 -1.8483011294826943
GF 4 7 -17.092313625317 -1.7244421636157667
GF 5 7 -16.779986069665153 -2.202929593299211
GF 6 7 -16.969286118245652 -2.5987607515634346
GF 7 7 -16.681806691380153 -2.2979779591095104
GF 8 7 -14.600514186386146 -1.8238884770304817
GF 9 7 -12.281173061043802 -2.0028079445602542
GF 10 7 -14.204372978678963 -2.1161406963440994
GF 11 7 -13.081835714219634 -1.7257488226083135
GF 12 7 -15.28641318715445 -2.8763206415232814
GF 13 7 -16.134978163291823 -4.23593593246653
GF 14 7 -16.271202008297138 -5.543122715865585
GF 15 7 -16.440139071827968 -6.190287684408369
GF 16 7 -11.093202445203364 -3.6881982961727493
GF 19 7 0.8079124954011705 0.800195864505238
GF 0 8 -18.745865981519767 -1.6391443467364435
GF 1 8 -17.02170141288066 -1.2480493704334972
GF 2 8 -15.148666586148291 -1.0861487444289735
GF 3 8 -16.13397136267056 -1.3099438069385034
GF 4 8 -17.00819998733573 -1.5673919202780915
GF 5 8 -17.000276949288367 -2.0500971619157498
GF 6 8 -17.375982061732277 -2.2469982318741466
GF 7 8 -16.41998058500434 -2.495358091524631
GF 8 8 -16.47952495564436 -2.102438852836249
GF 9 8 -15.201580138225607 -1.955519509059625
GF 10 8 -14.661094437305241 -2.2552697104655985
GF 11 8 -14.56958692071939 -1.9915800310748848
GF 12 8 -17.06383495588774 -2.9818887914047365
GF 13 8 -16.10076071835081 -2.7260939636401003
GF 14 8 -15.523913392441184 -3.5594950810175137
GF 15 8 -16.233671376508262 -4.243209733663774
GF 16 8 -14.318583601656593 -3.9601999799801297
GF 17 8 -12.602805135649291 -3.972151410628188
GF 18 8 -10.13697508157157 -3.761994648197695
GF 19 8 -0.42655082968152713 0.5422375161953708
GF 0 9 -18.614288654853897 -3.7390825029959873
GF 1 9 -16.43787992136429 -2.9696352926171774
GF 2 9 -14.046073343942345 -2.2744153180879487
GF 3 9 -14.401316402531696 -1.7654783309364819
GF 4 9 -14.316600230952995 -1.7484277080680697
GF 5 9 -14.179227434641374 -1.3445621505924967
GF 6 9 -15.564590021683035 -0.9037179839016991
GF 7 9 -12.430495640483775 -1.4495003696130853
GF 8 9 -15.824322714733738 -2.0140769050783804
GF 9 9 -16.808970006480145 -1.880112105507462
GF 10 9 -15.343289389452492 -2.505219049970712
GF 11 9 -15.73742054167343 -2.437727166767499
GF 12 9 -17.131061467067187 -2.9499244751982454
GF 13 9 -16.012692679709893 -3.231826516555785
GF 14 9 -17.320158621362815 -3.210524638637349
GF 15 9 -17.595930734525247 -3.4177796429876004
GF 16 9 -16.641707190496046 -3.3315208123387867
GF 17 9 -15.984470963847158 -3.646569656327355
GF 18 9 -12.681637998629805 -3.7749584640920277
GF 19 9 -7.8064887815791835 -2.794677588223079
GF 0 10 -19.83881302235171 -4.969695863392305
GF 1 10 -17.64769419147937 -3.1467760984749074
GF 2 10 -15.623491869394545 -2.5018952143187647
GF 3 10 -14.354099986046759 -1.8500895431694622
GF 4 10 -14.759993609892977 -1.833503947475696
GF 5 10 -14.620123900813784 -1.7476351505562804
GF 6 10 -15.251147869276535 -1.5208947799042407
GF 7 10 -16.29437119853102 -2.121540731807069
GF 8 10 -16.90702770588766 -2.067858228968328
GF 9 10 -16.835396636320294 -0.9252266287531015
GF 10 10 -15.351391020303158 -0.8865289234797451
GF 11 10 -14.801550597241494 -1.4255658051746745
GF 12 10 -16.28084493634419 -2.536769597453124
GF 13 10 -15.783563187044608 -2.747478293741759
GF 14 10 -16.820258591664974 -3.0113829307663487
GF 15 10 -17.34893385124855 -2.951451776375998
GF 16 10 -17.008535946428513 -2.988075541426403
GF 17 10 -16.815418736577843 -3.536064174659813
GF 18 10 -14.132728639957486 -3.896294502889167
GF 19 10 -11.493362430571228 -3.697779981163918
GF 0 11 -15.734564380540858 -3.147827086982239
GF 1 11 -16.106715207234103 -2.6763906041527585
GF 2 11 -14.797619041696452 -2.868266677353781
GF 3 11 -13.803358079881834 -1.9212107217876588
GF 4 11 -13.876563225868093 -2.0263314777244785
GF 5 11 -13.401198443331186 -1.7785202690283741
GF 6 11 -16.112941816641367 -2.0015350203541087
GF 7 11 -16.045461981103937 -1.7122941921693962
GF 8 11 -16.577675691273207 -1.3193597141394173
GF 9 11 -16.806667882023795 -1.2213697077067143
GF 10 11 -15.90644993194159 -1.1595869321477779
GF 11 11 -15.126686800517971 -1.1827349387808601
GF 12 11 -17.264117159759056 -1.3548383850762435
GF 13 11 -15.974942553318375 -1.6942436417635012
GF 14 11 -16.38949165143066 -2.0287626634810825
GF 15 11 -17.09625152293591 -2.3907064052007025
GF 16 11 -16.85274216640706 -2.0523016679178507
GF 17 11 -15.911742838866218 -1.811853703082498
GF 18 11 -15.216494184511088 -2.0237223098946466
GF 19 11 -13.085051454462127 -2.0679217763411057
GF 0 12 -10.19444970824138 -1.097078641422657
GF 1 12 -7.429476559304629 -0.17067670827232717
GF 2 12 -7.841776896455428 -0.4574055956551727
GF 3 12 -9.954044112911468 -1.0565994497957072
GF 4 12 -13.918315438123878 -0.8689995660589861
GF 5 12 -14.769186181681539 -1.0048411305745841
GF 6 12 -18.151628364472774 -0.19073554128752915
GF 7 12 -13.650573353007461 -1.0270533295500786
GF 8 12 -13.866030068785145 0.17857997761212463
GF 9 12 -16.85059461633373 -0.1113123241742142
GF 10 12 -16.83453278301881 -0.9267994920215582
GF 11 12 -15.207310930964006 -1.1858477711884614
GF 12 12 -17.291120745727973 -1.0758153443970913
GF 13 12 -15.575213194392678 -2.072238896982189
GF 14 12 -16.30667013137218 -1.7880198452879184
GF 15 12 -10.582885384830947 -1.3536847416556284
GF 16 12 -14.805636484105834 -1.4048059304294385
GF 17 12 -13.902690428658618 -1.2129909241772265
GF 18 12 -12.693949311148325 -1.149561055673259
GF 19 12 -11.970529461247878 -1.205936483079972
GF 1 13 2.1931997077031573 -2.4508213455026806
GF 3 13 -2.5937366668994604 1.6674035787582397
GF 6 13 -0.6630515515804289 0.4996464788913727
GF 8 13 -1.5182543108860647 -0.8432274828354521
GF 9 13 -4.573843002319336 -1.0154975652694702
GF 11 13 0.10198466666042805 1.7797574400901794
GF 12 13 2.588503694534302 -0.4760777294635773
GF 13 13 -0.7433140747822258 1.8148248081023877
GF 15 13 -3.2000334874951633 -0.6557330974891525
GF 16 13 -19.231347170743053 -2.8781460697677996
GF 17 13 -15.721654411585341 -1.7330809817216648
GF 18 13 -12.579304260945108 -1.5465028998271055
GF 19 13 -7.814257997793831 -0.39588544034733736
GF 3 14 -0.9327849098481238 0.5184414181858301
GF 6 14 -0.1370172630995512 -0.41776636242866516
GF 10 14 0.9815086296626502 0.1297857327652829
GF 11 14 0.8480227483170372 0.16187147912569344
GF 13 14 -0.9536364961128967 2.1078861722579374
GF 15 14 1.0182388822237651 -0.11560994386672974
GF 18 14 -0.2843801972145835 -0.9725659365455308
GF 6 15 0.3828360264499982 0.13674380381902057
GF 7 15 -1.0611911682145936 1.326834065573556
GF 10 15 0.9612779021263123 -0.7070581614971161
GF 13 15 0.8319130570724098 1.8189493041357077
GF 16 15 0.08529383735731244 -0.19712484627962112
GF 17 15 0.044679435768297734 -0.9054376839527064
GF 18 15 -1.3323991894721985 1.1376242637634277
GF 10 16 0.7327935583889484 -0.17606693622656167
GF 14 16 0.4396016498406728 -3.120516061782837
GF 18 16 -0.3762402115632237 0.592048997990787
GF 19 16 0.9438850198473248 0.8134738590036121
GF 13 17 -0.011711886525154116 -2.76050934791565
GF 14 17 0.5620710700750351 -2.7765408754348755
GF 16 17 -0.24539880038184278 0.3085999278461232
GF 19 17 0.10789363086223602 -0.02830813080072403
GF 2 18 0.9822742471640757 0.5332921399861911
GF 11 18 0.4172647237511618 0.6169223848929893
GF 12 18 -3.316356897354126 4.511775016784668
GF 15 18 0.4643832566706757 0.29680374539212184
GF 16 18 -1.0998035393217032 0.04882704357013982
GF 19 18 0.5391275871596816 0.08086073936687573
GF 3 19 0.6223877146840096 0.6731770851395346
GF 4 19 -0.2811927087604999 1.269250698387623
GF 6 19 0.06291506439447403 2.7669793605804442
GF 7 19 -0.31282124798744926 2.8104867458343503
GF 8 19 0.5722876050892998 -0.15017634893164916
GF 10 19 1.1387616340070963 0.12022811025381093
GF 11 19 0.37387406965717673 -3.8098633885383606
GF 12 19 -0.9217340424656868 -0.38751450479030597
GF 14 19 0.06624709528114181 -0.03827799204736948
GF 18 19 0.033658212423324584 -0.1582797199487686
GF 19 19 0.21408892625942832 -0.5174609488807619
GFEND
