NonAccessibleGrid 
NAGEND
GuidanceField
GF 11 20 -0.31160439188695604 0.3690962452027533
GF 12 20 -1.865368366241455 -0.03648346662521362
GF 5 21 -0.7197935400673974 0.21270094773708229
GF 6 21 -0.3974874249563135 -0.4886772145741972
GF 8 21 -0.49719865194388796 0.13105909207037514
GF 11 21 -1.1989063591037592 1.3854673722895174
GF 12 21 -0.3682925596648173 0.569328150647901
GF 22 21 1.1632382966578014 -1.2071929554144536
GF 23 21 0.44653596032050336 -0.9484345201523073
GF 24 21 0.18189469166100025 0.5237389579415321
GF 22 22 -3.723712645922653 -1.1053081770254685
GF 23 22 -4.971804698377834 -2.948949161074879
GF 24 22 -5.384455439709649 -3.181970634020382
GF 25 22 -0.3056854124440522 -0.23342271243817495
GF 26 22 -0.033015639848980004 -0.19315593260962882
GF 27 22 -0.9256873422886421 -2.21710334894474
GF 28 22 -0.20552929770201445 -0.12052835626915719
GF 29 22 -0.6194694638252258 -1.25728178024292
GF 8 23 -3.6377995014190674 -2.5397403240203857
GF 22 23 -4.868995607835453 0.7430450051484945
GF 23 23 -5.213736959761713 -2.0951617711454427
GF 24 23 -4.6516011981139 -3.941599771891192
GF 25 23 -1.9515713258799978 -1.89283793336524
GF 26 23 -1.9088487867494797 -0.5387245198757197
GF 27 23 -3.3929761653564063 -1.9761148954640817
GF 28 23 -4.728399129399681 -1.6992214434348352
GF 29 23 -6.139782251509951 -2.785230128111035
GF 32 23 -0.19139744838078818 -0.009234092819193998
GF 43 23 31.72296888851417 2.64069537861833
GF 44 23 11.886084123994353 1.5098624622279908
GF 45 23 -3.9918588750502635 0.26145346112111045
GF 49 23 -0.16577097924891857 0.2550594420172274
GF 51 23 -0.2367995960290334 -0.015664979520007227
GF 52 23 -0.00868020864949997 -0.07427705975201482
GF 53 23 -0.9061982771155318 0.23951076300892787
GF 54 23 -0.33159388109157106 -0.06718613982356957
GF 55 23 -0.3449249332959896 -0.03393139690495077
GF 56 23 -0.38129747867648106 -0.11403956987693024
GF 57 23 -2.2311723048304337 -0.1489582178355367
GF 8 24 -0.16680431365966797 -0.2651936411857605
GF 21 24 -0.24102716083111975 0.02687036695525697
GF 23 24 -3.81247789617898 -0.7365783491860265
GF 24 24 -2.603222390485607 -4.103678792724479
GF 25 24 -2.4763132914750177 -2.1799167861875945
GF 26 24 -2.979468921925095 -1.2718905698732177
GF 27 24 -3.2225254905471687 -1.1354893190892412
GF 28 24 -5.1353406230309515 -1.6089944864616865
GF 29 24 -6.026244769967693 -2.0493934678666843
GF 30 24 -8.317498468217403 -1.5884663796141036
GF 31 24 -8.857112364822546 -0.9492887292015406
GF 41 24 -0.15291936136782172 -0.6805127759774527
GF 43 24 -0.02872221774224555 0.11809849332832656
GF 45 24 -0.06837143599987029 0.07772792670875787
GF 47 24 2.9786082108815513 -1.6695348819096882
GF 51 24 -0.24587417502387812 -0.026059834502364793
GF 52 24 -0.9432845375761358 0.03823089469468085
GF 53 24 -2.2139050755649805 -0.07761191476986523
GF 54 24 -2.998350192200053 -0.08016666219654403
GF 55 24 -0.2970589023871892 0.08757125001411946
GF 56 24 -0.29767321647700173 0.03037293281763871
GF 57 24 -1.5841138448034011 0.3671431251735027
GF 61 24 -0.4315723943679284 -1.8852060323669784
GF 62 24 -1.8960785897714756 -2.182319309030261
GF 20 25 -3.6238149062309044 -0.4280946690637014
GF 21 25 -2.416479617856436 -0.5575727187432477
GF 22 25 -4.139165757407604 -1.582833941973424
GF 23 25 -3.089722460603418 -1.0384809677430995
GF 24 25 -1.5772567450620725 -3.8159516440546786
GF 25 25 -3.263889057966794 -1.2589495999543283
GF 26 25 -3.2045302994760627 -1.383404226655541
GF 27 25 -2.4900905157413957 -0.7290891510112038
GF 28 25 -4.905604517373769 -1.2775165364574326
GF 29 25 -6.2514291456501185 -1.247787318091253
GF 30 25 -6.880334504103869 -1.1272509819672785
GF 31 25 -6.3161658440745185 -1.1084507122592946
GF 32 25 -8.702660445496791 -0.823011062145084
GF 33 25 -7.658451090440977 0.766680002454278
GF 34 25 -9.69367608369515 1.1098922773234827
GF 35 25 -9.006004342616901 0.6481270750956212
GF 36 25 -5.894932952267388 0.41176709680356643
GF 37 25 -6.048679788591732 0.04258612045605069
GF 38 25 -5.091610952000028 -1.1083485134600939
GF 39 25 -6.360906905906141 -0.7547307105215139
GF 41 25 0.6087920896468624 -0.055702068632648837
GF 42 25 -0.04534910321447397 0.022606337257472173
GF 45 25 -0.07941346557163342 0.08775021380279212
GF 50 25 -1.34359411023936 -0.8222319945945576
GF 51 25 -1.2806614995002752 -0.6729236819373908
GF 52 25 -0.5589480161302285 0.2221459427595802
GF 53 25 -1.227538176763652 0.0357936453609866
GF 54 25 -1.6038532812226471 -0.01485066706236539
GF 56 25 -2.6536575631497157 -0.2706492097402357
GF 57 25 -2.503749419984069 -0.29608763080077966
GF 58 25 -2.3276160359382625 -0.5719813150565393
GF 59 25 -1.7039907080323795 -0.09069819612347563
GF 60 25 -1.6932496238072265 -0.07860129165013484
GF 61 25 -1.0833841461032925 -1.2084080167459663
GF 62 25 -2.3384756056798772 -1.6947577865135761
GF 3 26 -1.3538701379937785 -0.28067239580143777
GF 18 26 -3.2636230945587155 -0.44780390610297505
GF 19 26 -1.86869717252313 -0.4240603476038408
GF 20 26 -2.984256750272461 -0.3018475529007462
GF 21 26 -2.988194969528378 -0.5349257399433188
GF 22 26 -2.844088269119531 -1.172990991887733
GF 23 26 -2.4263237033506058 -0.0713356753642413
GF 24 26 -1.8274036424747484 -1.0403602005513506
GF 25 26 -3.4350788858628505 -0.6564918112574203
GF 26 26 -4.451366785127226 -2.970187388519686
GF 27 26 -3.9843244184196718 -1.0037611410385245
GF 28 26 -4.223531271739524 -0.8666187319185364
GF 29 26 -3.137019529054835 -0.38345477290697266
GF 30 26 -4.097480662334424 -0.3960337083455631
GF 31 26 -4.962307096128768 -0.12527029818028468
GF 32 26 -7.288458203326545 -0.12234613080281541
GF 33 26 -7.762374095397095 0.1660026555826782
GF 34 26 -10.313618705985576 -0.2791679341207238
GF 35 26 -9.914168368432557 0.42253893851804347
GF 36 26 -8.038965553384669 -0.2130549634172059
GF 37 26 -8.346151695896442 -0.5831100582431052
GF 38 26 -12.022730883050674 -1.0282993390530584
GF 39 26 -9.705046953907488 -2.06547057474686
GF 40 26 -7.382549649424142 -0.34960239608843563
GF 41 26 -4.013114414107472 0.07429281630711804
GF 42 26 -6.375817459940813 0.5013330921509024
GF 43 26 -8.3335810926777 0.007941718363359988
GF 44 26 -8.742302307815491 -0.4583480324027801
GF 45 26 -7.2153002495646135 -0.1702392319881692
GF 50 26 -0.7785601745296544 -1.5248977330823739
GF 51 26 -1.043960630893707 -1.2878365388938353
GF 52 26 -1.8103656314411434 -0.0998031558472002
GF 53 26 -3.978001147508619 -1.3775274055078628
GF 56 26 -3.192054348981984 -0.5378821916499374
GF 57 26 -3.697230445014106 -0.7332533796628317
GF 60 26 -1.3107537857431468 -1.378007860039361
GF 18 27 -2.7372770549716727 2.040522798837272
GF 19 27 -4.189896414222692 1.097765226047789
GF 20 27 -4.674081064136913 0.35928540907258
GF 21 27 -5.077393642054227 -0.7502142022784695
GF 22 27 -4.479210175183215 -1.4625736399450435
GF 23 27 -3.2397496379791866 -1.365197377973152
GF 24 27 -2.078942660849186 -1.532056567182831
GF 25 27 -5.010482961701738 -3.8044830077524914
GF 26 27 -3.5728034222176284 -1.2201931371662875
GF 27 27 -4.315766137781816 -1.2324333188713579
GF 28 27 -6.0623745720900235 -0.7529495414310429
GF 29 27 -5.418851185765763 -0.05513147461923265
GF 30 27 -3.832063806106619 -0.6271011422378469
GF 31 27 -1.8515104323986673 0.0008603380775906679
GF 32 27 -1.074440683752256 -0.0640239905438693
GF 33 27 -1.9768749458036181 -0.3833417513839315
GF 34 27 -5.306828681165136 -1.0204213354380094
GF 35 27 -5.744276228379265 -0.373356410543734
GF 36 27 -6.797215645673797 -0.28855813271098196
GF 37 27 -6.017040653801949 -0.07778048771450032
GF 38 27 -6.341673152189743 -0.27856199634684786
GF 39 27 -5.428165560380394 -0.09009355520208248
GF 40 27 -5.195614440896279 -0.004969731474640216
GF 41 27 -6.5520658974809205 0.06135004695847088
GF 42 27 -7.254549483003887 0.1669104336256568
GF 43 27 -5.7694212025990055 -0.44448411277013833
GF 44 27 -7.394536376293132 -0.7179795143934081
GF 45 27 -9.07287229546339 -2.3382457822720415
GF 46 27 -8.617121883699413 -2.6030173912333545
GF 47 27 -5.727767741452537 -1.4453494620027412
GF 48 27 -5.979632740744798 -1.4167848425762157
GF 49 27 0.4657299246866055 -1.1582430576260612
GF 52 27 -2.080159190053033 -0.16031322552665297
GF 53 27 -1.7551394754222467 -0.006010023810501612
GF 62 27 3.588061063472876 -0.7771384826524699
GF 7 28 -0.2306802882706525 0.19397943729721623
GF 8 28 -2.7309215234660895 2.233342636175837
GF 16 28 -3.056113799000164 0.19609227946144656
GF 17 28 -3.286323956216203 1.941755917185714
GF 18 28 -2.442297632544756 2.108270380303809
GF 19 28 -4.17740452222253 1.603370852768009
GF 20 28 -4.1849703982039435 0.3309790559953567
GF 21 28 -5.1911810230487365 -1.3183252530741847
GF 22 28 -7.148365766706606 -1.8980430086076259
GF 23 28 -7.638124605559105 -1.5412941678608272
GF 24 28 -6.734003730861176 -3.063986514462317
GF 25 28 -6.728888308389484 -2.800174388770666
GF 26 28 -6.431445855557353 -2.3690666267081455
GF 27 28 -5.2214800157411725 -2.340511656982682
GF 28 28 -4.070668202353202 -2.2761211133702752
GF 29 28 -3.3042455129649277 0.056706240336903
GF 30 28 -3.6108027496581596 -1.2036572621999189
GF 31 28 -3.6920381164139116 -1.9024357413290471
GF 32 28 -2.0601736506095847 -1.089868888002845
GF 33 28 -3.0022391541168094 0.382570071984052
GF 34 28 -3.788520187399649 0.4929636612984568
GF 35 28 -6.900607505329197 0.5551635318218078
GF 36 28 -5.934661318264878 0.5047035513898975
GF 37 28 -6.734459558591398 0.22258684733334091
GF 38 28 -4.191091691309917 0.3252936750402066
GF 39 28 -5.819208073327219 -1.1877596919316833
GF 40 28 -4.7590006210908955 -1.275476614936501
GF 41 28 -3.4452911051234354 -0.17317695140105865
GF 42 28 -3.4228182592439933 -0.9050394799208632
GF 43 28 -2.955800752773104 -0.8796699190369671
GF 44 28 -2.8321735361359055 -0.18921921070588577
GF 45 28 -6.435475620554056 -0.5716611153765332
GF 46 28 -8.59647642843879 -1.5442374373936723
GF 47 28 -9.242396576365428 -2.3880507900825645
GF 48 28 -8.374197549247786 -3.8556987450926474
GF 49 28 -5.640725969886803 -2.723531151529077
GF 50 28 -1.9867456172666487 -1.2436062776342802
GF 53 28 -7.199004391829173 -1.7816566228866577
GF 54 28 -8.428656381719252 -1.9235002293306243
GF 57 28 -0.6273133203683587 -1.6354916941035882
GF 60 28 15.793936679676397 -0.9660855622930572
GF 6 29 -0.23082683281985267 -0.11642160393603333
GF 7 29 -0.6515204580825242 0.6827305089215011
GF 8 29 -0.5527343054464551 0.5377946558668936
GF 14 29 -5.430246710777283 4.789000153541565
GF 15 29 -4.265708271338017 1.599909180927336
GF 16 29 -3.912630006544537 1.4190073346920296
GF 17 29 -3.479392386007379 1.0580018541354153
GF 18 29 -2.727250086183203 0.5797505532477731
GF 19 29 -2.174126615804761 -0.034261563511475995
GF 20 29 -3.6783894011421316 -0.24733496765711652
GF 21 29 -5.493225283165719 0.4838553974413684
GF 22 29 -7.303868338467667 -1.2841812960966161
GF 23 29 -7.78147799897635 -2.04024344129055
GF 24 29 -7.160024225307614 -3.777332670242899
GF 25 29 -7.576351090815529 -5.0099318718072485
GF 26 29 -6.687810206346333 -3.8603160672783843
GF 27 29 -6.842804388888608 -5.17408120523175
GF 28 29 -4.00147867156717 -4.170398419542081
GF 29 29 -3.684565917432013 -3.4844750591436084
GF 30 29 -0.27149214891465834 -0.11814909825573754
GF 31 29 -0.2793659641500639 -0.15488930859001246
GF 32 29 -2.890465799817669 -0.36542911637965597
GF 33 29 -3.5818573917144336 0.07174292945846794
GF 34 29 -3.771788886634881 0.42980577506634743
GF 35 29 -5.9380533227434595 0.6541937005269661
GF 36 29 -6.263745432764862 -0.21164995715325885
GF 37 29 -6.325770213116636 -0.18037892075448947
GF 38 29 -2.2611118533167303 0.08335543040254337
GF 39 29 -2.477953608708196 -0.7234313276703702
GF 40 29 -3.0681171555638063 -0.95641580969424
GF 41 29 -3.0062939071872896 -0.7158588435940152
GF 42 29 -4.319859236848624 -0.7857075620354536
GF 43 29 -4.536833611895036 -0.6157778559958157
GF 44 29 -2.0686173799590035 0.1701422566364471
GF 45 29 -4.753460661339186 0.5815898666018916
GF 46 29 -7.468317539752973 -0.688730264019387
GF 47 29 -9.340726626877002 -2.729992286036781
GF 48 29 -11.157542610368525 -4.529000866626996
GF 49 29 -9.096391580910138 -4.837656039704358
GF 50 29 -7.13552857980467 -2.936119590583979
GF 51 29 -7.9350026254194646 -4.5396702865596295
GF 52 29 -5.139358993010085 -3.611923763968732
GF 53 29 -2.207349802544118 0.21411760393754545
GF 6 30 -0.8366129438019961 1.1619413826577218
GF 7 30 -1.977522648657881 1.2293899908631367
GF 12 30 -1.0238985443554294 -0.9892919996221158
GF 13 30 -3.562785284259379 0.17459116056442067
GF 14 30 -3.6683515169548198 0.39240753946170065
GF 15 30 -4.270918883894999 0.25359163229180626
GF 16 30 -2.933291542621924 0.051908237152777946
GF 17 30 -1.9037744135396923 -0.2676378438225871
GF 18 30 -3.895401956452824 0.5901488696392777
GF 19 30 -4.609247826978202 0.1267929962877812
GF 20 30 -7.614811018788102 0.9022256113485457
GF 21 30 -6.141643489401937 1.1828905361691726
GF 22 30 -3.1869779054063265 -1.81961169196052
GF 23 30 -6.73974006122996 -2.8319411330706306
GF 24 30 -7.746818589393326 -3.2152413162379903
GF 25 30 -7.70642819625668 -2.9439056410726896
GF 26 30 -7.788663717880815 -4.358052028111844
GF 27 30 -5.255676048641989 -2.8953274536202875
GF 28 30 -3.6416835688596874 -2.7998555335985236
GF 29 30 -5.93015874922699 -3.4000086810255343
GF 30 30 -6.077265970148964 -2.772469091107231
GF 31 30 -2.9939462285719736 0.9738436266114255
GF 32 30 -3.9589733424223703 1.3382526192462887
GF 33 30 -4.089709118092585 0.6359832209238157
GF 34 30 -3.706448566854945 0.19550245746944972
GF 35 30 -4.480273445846355 0.8645491793289217
GF 36 30 -4.355540939649842 0.4776124466416338
GF 37 30 -4.733571649078756 -0.7938775306898905
GF 38 30 -2.657254968781666 0.3348105551212801
GF 39 30 -3.1535901147547207 1.0164892948319024
GF 40 30 -4.345296074772918 0.4980332732469203
GF 41 30 -5.631780628031027 -0.16397847778353017
GF 42 30 -4.994362383153676 -1.29997659087317
GF 43 30 -6.19422283563207 -2.6930312554509293
GF 44 30 -2.478884961808502 -1.2450410824576466
GF 45 30 -1.294380703045533 -1.4946486127275063
GF 47 30 -7.8868780017251305 -7.808148298858636
GF 48 30 -6.541155466074198 -6.872591279158565
GF 49 30 -5.974615991143928 -5.9675668592178255
GF 50 30 -6.649487094305538 -4.81735458967828
GF 51 30 -6.673091535267065 -4.6555690760597
GF 52 30 -5.924282943931771 -5.024560198387824
GF 53 30 -4.011937844450215 -3.4193632029144654
GF 6 31 -1.3215546989537363 1.4190623562308675
GF 7 31 -0.4212026774851442 -0.40037885542450813
GF 12 31 -2.1137736041484207 1.0416817182096945
GF 13 31 -4.3860944938792805 0.14911905693127442
GF 14 31 -2.7028453533596366 -0.39246181395966523
GF 15 31 -4.412219829173778 0.1326894510016433
GF 16 31 -5.968244168055167 0.44657990186586505
GF 17 31 -6.88560757818431 -0.7209682717340372
GF 18 31 -6.90985479299255 -0.07230107344016891
GF 19 31 -4.3260693473864364 -0.9232105145821757
GF 20 31 -3.25726759592899 -0.6852178931908831
GF 21 31 -3.5797121856420615 -0.4646769132060782
GF 22 31 -5.070742366943556 -0.9232216759110196
GF 23 31 -5.9444183578594565 -0.5534321347182534
GF 24 31 -3.5930127426263945 -0.14373711241814197
GF 25 31 -7.205213696517201 -1.87565654047872
GF 26 31 -9.195640840244764 -3.8816079901396523
GF 27 31 -8.652385642705122 -4.337039352323045
GF 28 31 -6.17588499046541 -3.9565679101998725
GF 29 31 -6.697237138021734 -3.686814729280156
GF 30 31 -6.201990649672632 -2.259203756018217
GF 31 31 -4.577282222048493 0.2775450258104986
GF 32 31 -2.0018613925350155 -0.0369244711639642
GF 33 31 -2.7434220675877405 -0.05656048782498704
GF 34 31 -2.4578127615342558 -0.10752314439606264
GF 35 31 -2.9498468020249433 -1.215194581213983
GF 36 31 -1.208431544375153 -0.16090019603662262
GF 37 31 -3.3934404183074998 0.8028424203668454
GF 38 31 -4.320530746441366 2.377265786658591
GF 39 31 -3.6796364249533973 1.483026311985787
GF 40 31 -0.2221939519540678 0.9086894056754199
GF 41 31 -0.09099098716073115 0.695850024446084
GF 42 31 -0.8225543185252044 -0.20167892950437968
GF 43 31 -5.559801925479212 -3.754911820355785
GF 44 31 -6.235579351724072 -3.2429548525195475
GF 45 31 -7.097808586751696 -2.676657090786887
GF 46 31 -8.446121527591572 -1.4955776311717468
GF 47 31 -8.879698041729043 -0.31726231543933764
GF 48 31 -8.045858001489947 -1.1060154568159126
GF 49 31 -3.9137544137949223 -0.9355869151274299
GF 50 31 -4.045289629999453 -5.533510892859875
GF 51 31 -2.351685919398261 -1.697374376508814
GF 52 31 -3.20186871986234 -3.1775605717727875
GF 53 31 -3.5692146392033317 -3.0765897979134134
GF 54 31 -5.786802549864457 -4.646581855974721
GF 55 31 -0.16689347624778747 -0.15107420980930328
GF 64 31 -5.387547196003417 3.1648976520488077
GF 65 31 -6.67474896219657 0.36267250014873553
GF 66 31 -6.8990125656128 -2.076610021550082
GF 3 32 -1.0257048417047105 0.6036776646971695
GF 4 32 -1.1082455218126852 0.841292255136192
GF 5 32 -0.1392276252700985 -0.2469994345848262
GF 6 32 -0.2467058107057616 0.19504803485736905
GF 7 32 -0.2900517715348139 0.7494139085213348
GF 9 32 0.042505702384832235 -0.1689982827414165
GF 12 32 -6.4724673695034465 0.9434323575761583
GF 13 32 -3.259895005555325 1.4367378889602183
GF 14 32 -2.4147374521101574 0.3787045943516251
GF 15 32 -4.413482724487604 1.5990040185897987
GF 16 32 -3.9047672891927916 1.1271600570110987
GF 17 32 -6.334247766469237 0.24632231711783553
GF 18 32 -6.572933956872448 -1.4204692304164073
GF 19 32 -5.735856600715187 -1.9111939609817463
GF 20 32 -4.395586034583524 -1.3572309419362258
GF 21 32 -3.321486577929216 -0.6296603206329773
GF 22 32 -2.0055705597510705 -1.395454087986427
GF 23 32 -2.547553033971649 -1.3252651009225838
GF 24 32 -2.212196378913846 -0.7263705070896969
GF 25 32 -1.930120971946735 -0.6644781604635033
GF 26 32 -2.9297182678234988 -1.6415755853083227
GF 27 32 -6.457511675273227 -3.984120975244551
GF 28 32 -6.898846970019064 -4.363391375494981
GF 29 32 -6.77363553117126 -3.936996478626401
GF 30 32 -4.469714808499562 -1.8578505026739833
GF 31 32 -4.440612637592341 -2.8286592769055936
GF 32 32 -3.6650362950898434 -1.3487348894453064
GF 33 32 -2.850930363412298 -0.40905607582331366
GF 34 32 -1.948388507378331 -0.4307410178165906
GF 35 32 -3.615837630642167 0.04531317892534551
GF 36 32 -3.8982282162909443 1.3688462861801611
GF 37 32 -6.648137715480168 1.4890456076435266
GF 38 32 -6.601181427895169 0.34239456910068444
GF 39 32 -3.112103281319802 0.22544032351372872
GF 40 32 -3.7317872281754076 -0.08408678101682407
GF 41 32 -1.968755664453102 0.15711525021736775
GF 42 32 -3.591317072029472 -0.08064038693416044
GF 43 32 -6.225247505677941 -0.40092113529745593
GF 44 32 -8.227634311872345 -1.0676636113589486
GF 45 32 -9.282156282666122 -0.9033109205567383
GF 46 32 -10.444552174180423 -0.5212970334642304
GF 47 32 -10.724207789361857 -0.5496758253911094
GF 48 32 -10.477806178546077 -1.0128129531659276
GF 49 32 -10.016033341362363 -1.3153606390526755
GF 50 32 -9.926077769145005 -2.6323789387064944
GF 51 32 -9.001662171702943 -4.228694831284204
GF 52 32 -7.3040806600393084 -4.165405953774299
GF 53 32 -8.489709218809965 -6.384399139849971
GF 54 32 -7.98001502024263 -6.113185412926789
GF 55 32 -5.81480583523461 -4.235112932024538
GF 58 32 -0.018617238792487296 -0.07965575866401192
GF 63 32 -4.083408502400942 4.534464351201487
GF 64 32 -4.827393851538969 4.0635114270587325
GF 66 32 -3.5269686668200237 -3.8911960980728666
GF 5 33 -1.6336194276809692 0.45322418212890625
GF 7 33 0.10211258339545413 -0.31866967915407096
GF 8 33 -1.7275061273065053 0.2382754150189851
GF 9 33 -1.0876420934780935 -0.7643572142155007
GF 11 33 -3.7598414604480443 -0.0862757807167677
GF 12 33 -4.846298251695557 0.7722190334862666
GF 13 33 -6.669303459003115 0.0997256181120708
GF 14 33 -3.6183737304291226 0.41449270133952043
GF 15 33 -4.945651657491191 1.6957730696363236
GF 16 33 -5.801833730046934 0.6312431506547896
GF 17 33 -5.982692139711262 0.45499742114680697
GF 18 33 -4.373109669112045 0.08248255000380562
GF 19 33 -5.130699747262791 -2.1738079240510353
GF 20 33 -3.5613958546796947 -1.6290154297675727
GF 21 33 -4.341727125758819 -2.160775838615266
GF 22 33 -3.623145461241884 -1.9605551736333937
GF 23 33 -3.6630089124215486 -3.15905371616343
GF 24 33 -1.3150736160039769 -1.7124032508871643
GF 25 33 -1.338481893930062 -1.2046687224972201
GF 26 33 -1.0623327585367066 0.00942113016035213
GF 27 33 -1.8275574384972217 -2.585333726988783
GF 28 33 -4.681800026087532 -4.496540063551147
GF 29 33 -5.602633543675939 -3.430886639172227
GF 30 33 -6.5196029271614755 -2.5345228135367797
GF 31 33 -6.397808426699986 -1.7486898358009255
GF 32 33 -7.288471967788841 -1.020855901988773
GF 33 33 -6.832063792213176 -0.31221752522240076
GF 34 33 -6.942076597324188 -0.11149724683971492
GF 35 33 -7.27654615412231 -0.15675369069540115
GF 36 33 -5.336796520994107 0.28735996577240097
GF 37 33 -4.294900467333284 -0.1444502248502732
GF 38 33 -1.8367807811861852 -0.23429421999782996
GF 39 33 -1.8799082272820535 -0.336905325081648
GF 40 33 -2.5172287194099656 0.40019951415678756
GF 41 33 -1.8095914168239615 0.7808531529939744
GF 42 33 -3.4264949486531173 -0.41796336599790795
GF 43 33 -2.9698311252250678 -1.1998711416393284
GF 44 33 -2.809758441080951 -0.12287830350631351
GF 45 33 -7.768201633469087 0.30810644308619384
GF 46 33 -7.719471296208149 0.771053984894849
GF 47 33 -6.297918909879546 0.23079666017119038
GF 48 33 -6.44186774155678 0.3938123333906049
GF 49 33 -8.782576741247421 -0.5755710891586003
GF 50 33 -7.901371692313956 -1.9493518893179436
GF 51 33 -9.553606550851343 -4.477904150488911
GF 52 33 -9.22885811101055 -4.989435262092168
GF 53 33 -8.914030885929426 -4.575021471063188
GF 54 33 -8.736808747253894 -5.032897250143818
GF 55 33 -9.744512153290565 -5.717243719637508
GF 56 33 -7.90724523585407 -4.327010917882952
GF 57 33 -8.006455871768752 -2.0071621250060403
GF 58 33 -9.572851472326105 -3.2596553965023998
GF 62 33 -2.6230828105676447 0.7367756525826875
GF 63 33 -2.5142332639975007 2.759086336868887
GF 66 33 -3.0451118590620596 -6.594839106003454
GF 67 33 -4.099474706820077 -5.584865220955443
GF 2 34 -2.6634704118255867 3.323228122429415
GF 3 34 -1.7553831534315223 2.1693269678624225
GF 4 34 -1.9064817667007445 2.2442019820213317
GF 5 34 -0.34589494654739444 0.6212006281130016
GF 7 34 0.046674794100971626 -0.19473836249832446
GF 10 34 -2.277525733498966 0.21291438643546667
GF 11 34 -1.341155376699236 -0.1555048930035397
GF 12 34 -5.316648503876507 -0.260717781387868
GF 13 34 -3.909008962049419 0.25704598394956274
GF 14 34 -4.323799352180316 0.9944140810901967
GF 15 34 -5.146467373785925 -0.6636196756605565
GF 16 34 -4.842886512144717 0.016093472587788142
GF 17 34 -4.865955867589648 0.30159406027283236
GF 18 34 -1.5968154531911956 -0.37896074443564226
GF 19 34 -2.3675459502906886 -0.9983725883256784
GF 20 34 -3.138420932563442 -2.1217385024532036
GF 21 34 -4.071901780270896 -2.322074444358881
GF 22 34 -5.066444027689721 -2.9557550734662894
GF 23 34 -5.103828426273995 -3.0927129612284032
GF 24 34 -4.735889672989556 -3.1853133580944752
GF 25 34 -2.3738686037453514 -2.6689556868163216
GF 26 34 -1.4390456676483154 1.2574689388275146
GF 27 34 -0.25097413266331453 -0.643355857232202
GF 28 34 -1.0498404028223185 -1.6942710863220036
GF 29 34 -2.7930280545361326 -4.086155403651388
GF 30 34 -5.415184972768307 -3.248012539516926
GF 31 34 -4.7061414000457376 -2.009462311911169
GF 32 34 -7.4699042295241265 -1.5277539978915955
GF 33 34 -4.788490244761675 -1.1237727322186246
GF 34 34 -2.1665595488819456 -0.8351917778177624
GF 35 34 -3.923030560831593 1.0897515519643337
GF 36 34 -5.203405154685917 -0.4048261683056927
GF 37 34 -4.430330631829798 -0.616521424466223
GF 38 34 -2.485296686282516 -0.32012944873293175
GF 39 34 -1.5386826906944149 -0.49438486703855444
GF 40 34 -1.7563125969199636 -0.9445855950037896
GF 41 34 0.12927638160381705 1.271231442278236
GF 42 34 -0.3757665724708482 0.9658662783196916
GF 43 34 -1.873959110047185 -3.117436462110477
GF 44 34 -0.862230791634464 0.3161967992413163
GF 45 34 -2.321677734213297 0.7527049999305835
GF 46 34 -3.789727992499525 -1.183273235511296
GF 47 34 -3.7692064776332113 1.6764383313355742
GF 48 34 -3.3078570724092677 2.7732323835019437
GF 49 34 -3.6836407497629677 1.2586411552410628
GF 50 34 -2.912256086745375 1.6616270694184863
GF 51 34 -5.275664050781364 -1.766680449528229
GF 52 34 -7.293642460032872 -5.077547757544844
GF 53 34 -8.24684765482363 -6.726009561950642
GF 54 34 -8.531894609970546 -7.692018818333829
GF 55 34 -9.156670563833561 -5.787691378352838
GF 56 34 -8.820435387210699 -5.027141185099402
GF 57 34 -9.87766824956927 -4.463792638870914
GF 58 34 -9.496370170817972 -3.921431008649147
GF 59 34 -8.27336445258481 -2.4130322806727422
GF 60 34 -7.8687435872478435 -0.8126445823295008
GF 61 34 -6.670846596142023 0.6403964291499111
GF 62 34 -12.716655532279743 -0.014220535599394324
GF 63 34 -15.573061905811592 -2.344567729594541
GF 64 34 -7.563981382470382 -1.5996753965553483
GF 65 34 -3.4276801478478083 4.692789054133246
GF 66 34 -6.565854422569294 -0.7890802145651501
GF 67 34 -6.271481205116616 -1.3726346282955169
GF 6 35 -1.017188029919958 1.7707329235143132
GF 7 35 -0.4773172828331959 -0.07531395683636766
GF 11 35 -0.6294919439171508 -0.5440658396196996
GF 12 35 -3.3074631003890986 -0.07670997961235444
GF 13 35 -4.0590152222116 0.478566015160359
GF 14 35 -4.212358477342113 -0.7927177043898551
GF 15 35 -3.284674398704371 -0.9849995029726629
GF 16 35 -2.09803520458305 -0.79656669256136
GF 17 35 -2.58715684776007 -1.1040600534210325
GF 18 35 -2.3147774401042733 -0.5501742819682731
GF 19 35 -2.1984944421709978 -0.4250778044996511
GF 20 35 -3.301360724080567 -1.4057476446175956
GF 21 35 -4.673692974166514 -1.673627459396533
GF 22 35 -5.747148264053869 -2.6547492954219445
GF 23 35 -6.959278336640137 -3.8252641297218783
GF 24 35 -6.093488031909321 -2.4956156250027504
GF 25 35 -4.711719734231412 -2.4661517834034337
GF 26 35 -4.692128452676345 -1.4338581242996071
GF 27 35 -3.367191895777384 -0.6955156768569548
GF 28 35 -2.0578466461295384 -0.824393000599988
GF 29 35 -1.8656167713479568 -1.8656823805057758
GF 30 35 -1.7979749937568568 -1.0172287745323845
GF 31 35 -3.079242356854658 -2.9902000975690255
GF 32 35 -1.3984507073575736 -0.808031344010071
GF 33 35 -2.2180997181752717 -1.3853352414450708
GF 34 35 -3.698372816386202 -1.1940913290663124
GF 35 35 -1.3967144677026293 -0.16355287562815746
GF 36 35 -0.546447793744335 -0.039754443582397714
GF 37 35 -1.6199478571335666 0.2691341132163319
GF 38 35 -2.4282429263359373 -1.464874076369388
GF 39 35 -1.8770688352279286 -2.015792860976563
GF 40 35 -1.6452772641018303 -1.6163409948034293
GF 41 35 -1.061230690475157 -0.6988698137174569
GF 42 35 -0.9200202578383897 -0.5437977215211723
GF 43 35 -2.1062007093378794 0.7075401729370487
GF 44 35 -3.6518214054412725 -0.39519908993637015
GF 45 35 -0.638362719018665 2.19770269048857
GF 46 35 -4.530798505446088 -0.6891034296368072
GF 47 35 -3.403395279592312 1.4292346501419413
GF 48 35 -0.6481915832724049 0.6967420961214239
GF 49 35 -1.2618908048651916 1.0331833182553578
GF 50 35 -0.4376288600165133 0.48558451544093867
GF 51 35 -0.08337184421928086 -0.01365384905708363
GF 52 35 -3.5929773256386093 -5.837299133518433
GF 53 35 -6.050668545477183 -7.933283459260631
GF 54 35 -8.72107042166198 -7.825091375410587
GF 55 35 -9.354068608286886 -6.76541531270123
GF 56 35 -8.209044266048942 -5.970885138913423
GF 57 35 -7.301763616656594 -6.529316539022869
GF 58 35 -7.9029401662880625 -4.931467381301809
GF 59 35 -10.07315624929727 -3.998816508845094
GF 60 35 -9.275506413085274 -3.1992108904687373
GF 61 35 -10.627851195605903 -2.0226740874383036
GF 62 35 -7.9627214936675665 -0.20567566518083444
GF 63 35 -12.25670856462966 -1.2516723889986363
GF 64 35 -7.531268760256021 -0.9668265334408368
GF 65 35 -6.376511437426182 1.6471747348648407
GF 66 35 -7.102952911891276 2.1348512822438175
GF 67 35 -10.64969140614942 0.1956122876650728
GF 68 35 -0.9113419690437948 0.8227830024281209
GF 6 36 0.03462782912273799 -0.19925127749319216
GF 11 36 -6.445890267690023 -0.5461462040742239
GF 12 36 -7.852538380070659 0.1904256932042211
GF 13 36 -3.7522428934212178 -0.20879625909849384
GF 14 36 -3.6564136052036114 -0.6516875764652441
GF 15 36 -4.890087575381198 -0.7331640393128452
GF 16 36 -4.362986619340574 -0.3683699998713038
GF 17 36 -7.4514811007723765 -1.3015464092155122
GF 18 36 -5.792542290989185 -1.2645352350268402
GF 19 36 -4.861110414991884 -0.9685533594535508
GF 20 36 -4.9080741224488715 -1.7513835179124628
GF 21 36 -4.859120841630685 -1.7879800631752243
GF 22 36 -3.1516907284093425 -1.4554569791819338
GF 23 36 -3.559608224119231 -2.76923087843691
GF 24 36 -4.022341814119069 -2.524327296851239
GF 25 36 -3.3416564787032677 -1.9779750032241774
GF 26 36 -2.5653859678935764 -1.9889101170737373
GF 27 36 -3.0110004100862624 -1.5107776489676907
GF 28 36 -2.7463885648904083 -1.2719563071193778
GF 29 36 -2.137878206057561 -2.1737854255004776
GF 30 36 -1.213127364475541 -0.9829623501030961
GF 31 36 -1.1980833002700126 -1.3429248007229635
GF 32 36 -1.8714723179064503 -0.8676981022763163
GF 33 36 -2.441976451850649 -1.3506013794290581
GF 34 36 -1.4277479669483104 -1.0563918053058203
GF 35 36 -1.0261018530019694 -1.5419439966576345
GF 36 36 -0.052231036462318255 -0.07664605757395314
GF 39 36 -0.9768692382491707 -1.7445976678871535
GF 40 36 -2.3137978932192795 -1.3605388848110964
GF 41 36 -2.0578931715138316 -0.10073026580160019
GF 42 36 -1.399028296397008 -0.021334870568177473
GF 43 36 -2.0724791731783365 0.8601261992714312
GF 44 36 -2.283662247865672 -0.1510200448171386
GF 45 36 -3.069905614761805 0.05155236015275553
GF 46 36 -1.9518086688776832 1.3057659137709061
GF 47 36 -5.477158383912575 -0.10167404749724966
GF 48 36 -4.867187681587002 -1.8788005761925797
GF 49 36 -3.2690373969472972 2.2648457282821273
GF 50 36 -0.07477248151131308 -0.5492796091784449
GF 51 36 -0.0657466695276843 -0.0071425524479973275
GF 52 36 -0.08312541629061437 -2.0412487891660063
GF 53 36 -3.8619200648915815 -8.34955133805181
GF 54 36 -7.903444510640661 -8.57495838878152
GF 55 36 -7.485940382239465 -6.170113636597105
GF 56 36 -8.905256229641331 -6.395639892235538
GF 57 36 -8.251368221046523 -3.88841947405425
GF 58 36 -7.284450174128199 -3.7402282013005856
GF 59 36 -9.531693233693368 -3.132463297842746
GF 60 36 -9.372053311187136 -3.7976544658770535
GF 61 36 -10.169380389449929 -3.9735541959652814
GF 62 36 -10.167976210293286 -4.325174596281658
GF 63 36 -8.034181125091791 -4.898854048365232
GF 64 36 -6.1151439429718835 0.33210003985059766
GF 65 36 -4.897768717536654 -0.30091364477533566
GF 66 36 -4.78816180952594 -0.3234172133972595
GF 67 36 -6.882188317994136 -1.4293404378666286
GF 68 36 -2.3868786286723234 -0.03714437604081193
GF 69 36 -1.7707442595471503 -1.487907535315109
GF 70 36 -1.7613037079572678 -1.1919299677014352
GF 5 37 -3.3086253007253013 14.482346852620443
GF 12 37 -3.1371341987353984 -0.8232599533412878
GF 13 37 -2.3888141538515684 0.3543751593960562
GF 14 37 -2.831366545395599 -0.5485191723707858
GF 15 37 -3.2589224274410027 -0.6907950098695137
GF 16 37 -3.8248507176253224 -0.3385232976713188
GF 17 37 -3.6145618750047412 -0.6168823878408668
GF 18 37 -4.361721621550559 -0.9929818398754878
GF 19 37 -4.079059160368544 -0.8874387997302522
GF 20 37 -4.844839696022213 -2.2958543278781685
GF 21 37 -4.916932126233463 -2.9218752536755783
GF 22 37 -4.569301346345041 -2.4437948893883505
GF 23 37 -4.880620218246498 -2.324551617445922
GF 24 37 -4.736181242586752 -2.5867683653164915
GF 25 37 -3.248475864932685 -1.7254619581019424
GF 26 37 -2.676526166019245 -1.9853940817175795
GF 27 37 -3.21625358464445 -1.8922102527086466
GF 28 37 -2.7307250681420996 -1.6991122355912056
GF 29 37 -2.727307232910473 -2.0319888883115262
GF 30 37 -1.9811788211249122 -1.6164576168163192
GF 31 37 -1.0145109763942373 -1.0441467573693837
GF 32 37 -1.4284675066699435 -1.4420933583569682
GF 33 37 -1.1551692662860826 -1.0140476817275357
GF 34 37 -1.285429959111097 -0.839773384825434
GF 35 37 -1.7088759639254625 -1.3507924069422634
GF 36 37 -1.1426885986608724 -1.032804510456876
GF 37 37 -5.616135561716085 0.849700810825668
GF 38 37 -4.145287309909278 1.5382145026015763
GF 39 37 -3.6867216481068366 0.4782598974147136
GF 40 37 -4.491511653248651 -0.9068673821111772
GF 41 37 -2.246633649012181 -1.2071117269790994
GF 42 37 -0.21787379756298114 0.10056386432999541
GF 43 37 -0.06541423372969331 -0.05587827758264956
GF 44 37 -0.023593244189503867 0.06766019108943158
GF 45 37 -0.22129060601149872 -1.970298478043108
GF 46 37 1.322587734448373 3.9607761844193226
GF 47 37 -2.6396291337362294 0.6971165812901646
GF 48 37 -3.2117419611969207 0.24297822141413183
GF 49 37 -4.694041308146778 -0.4776558148701336
GF 50 37 -2.726234296358419 -1.2985534763908493
GF 51 37 -1.1575955822338557 -0.871543729201774
GF 52 37 -0.2253361147892206 -0.44008030800955245
GF 53 37 -1.8513558420598004 -4.113845090920443
GF 54 37 -6.641072073255999 -5.781655393401532
GF 55 37 -8.692478457090871 -6.514441070278698
GF 56 37 -10.047960362128356 -5.952608827262291
GF 57 37 -8.061967129277061 -5.222741925239533
GF 58 37 -9.432450631981272 -4.659699036782208
GF 59 37 -9.654245957576437 -3.527707341002865
GF 60 37 -11.169921627903902 -4.081774544047168
GF 61 37 -10.998832352664166 -3.5632364554365266
GF 62 37 -10.407392984454733 -4.506597481183692
GF 63 37 -10.957689355106181 -5.223701066273902
GF 64 37 -7.754938886570055 -5.727548809227291
GF 65 37 -6.552023594025968 -1.7949162315290748
GF 66 37 -9.577106149045546 -2.934689229083876
GF 67 37 -6.3155770952461125 -5.169234846403046
GF 68 37 -3.4611171306779895 -2.6304842130938395
GF 69 37 0.03125054497430511 -1.6642901756939423
GF 70 37 -0.6038224338693033 -0.32546671304036773
GF 71 37 -3.395550509609303 -2.0000414650743163
GF 7 38 0.023953232914209366 0.5806914884597063
GF 12 38 -5.317882717391568 0.43548740305863326
GF 13 38 -2.4207569719379416 0.6757807193354961
GF 14 38 -2.70559554441279 -0.28343103211416293
GF 15 38 -3.1590447413416074 -1.1269432932558865
GF 16 38 -2.503322506939995 -0.6307909696000774
GF 17 38 -2.40778287736034 -0.48622500080989517
GF 18 38 -2.6379534186789897 -0.6326785773482115
GF 19 38 -3.2255669777755176 -0.2778530285239678
GF 20 38 -4.025161345686291 -1.3592767339104859
GF 21 38 -5.428226294686208 -0.9882597281922514
GF 22 38 -5.941148644956368 -0.9643484753961888
GF 23 38 -5.863991519879332 -1.2299856928360873
GF 24 38 -5.399214267829502 -1.8578153262948793
GF 25 38 -4.547177494900435 -2.0838953709213226
GF 26 38 -3.928835891963767 -2.5938371707882393
GF 27 38 -2.35518686812868 -2.3015999786024333
GF 28 38 -1.7498455802369381 -2.1510129161642655
GF 29 38 -1.321135589747002 -2.361039049414052
GF 30 38 -1.6663699510396723 -1.1308924103684934
GF 31 38 -2.4808283336804413 -0.7589238990138518
GF 32 38 -2.9784266225258227 -1.7853949146937362
GF 33 38 -1.9107272980327323 -1.663175879719591
GF 34 38 -1.2482538055266768 -0.6426427430150421
GF 35 38 -2.433144284916769 -0.693904848734651
GF 36 38 -3.634603068657268 -0.81425453845444
GF 37 38 -5.344425863794192 0.7760955568762781
GF 38 38 -2.352801063909618 0.9195226460197699
GF 39 38 -2.2540329522409897 0.023459948046607573
GF 40 38 -3.85388625877395 -1.312552747277174
GF 41 38 -2.6159473433981333 -1.2717927784373158
GF 42 38 -2.5026746495217957 -2.2861717361131086
GF 43 38 -1.1723855915194266 -1.6549388040653068
GF 44 38 -0.36404966468477834 -0.10424111857023918
GF 45 38 0.028314291182104 0.21323353263859265
GF 46 38 0.09787585348785258 1.241781941407468
GF 47 38 0.14234323218090894 4.402500673656384
GF 48 38 -2.8184990501618166 4.2289192397112805
GF 49 38 -3.5172398611769653 -0.9595512831733473
GF 50 38 -2.7221932862873826 -2.1698309749123434
GF 51 38 -4.379664004802549 -2.440208944615394
GF 52 38 -4.228276915193231 -0.9153419215973017
GF 53 38 -4.280012786820698 -0.8846260945736597
GF 54 38 -5.765883868203812 -2.1924371052794966
GF 55 38 -7.933020183779873 -4.825379829991195
GF 56 38 -11.369723096950587 -5.392259730616597
GF 57 38 -10.986928833898382 -6.146459955917113
GF 58 38 -11.572482825384965 -5.523775657760164
GF 59 38 -9.654623606337191 -5.978874149185782
GF 60 38 -8.749567807515154 -2.789283681307496
GF 61 38 -9.933400458072615 -3.174618398010905
GF 62 38 -10.652414141499854 -5.2226121813728765
GF 63 38 -10.19142216384936 -5.700603231442932
GF 64 38 -8.843424185261886 -5.716277833497504
GF 65 38 -8.104072360023407 -6.217853359087603
GF 66 38 -10.405308106087228 -3.801945653951108
GF 67 38 -8.19455354240676 -2.50715951399164
GF 68 38 -3.5154621537167086 -2.30927371342758
GF 69 38 -1.6342454233429735 -0.9836920536815225
GF 71 38 -3.3275333911846006 -2.5140300461628002
GF 72 38 -2.483872583434151 -3.191917712946
GF 9 39 0.1273317457487186 -1.302893899629514
GF 12 39 -4.2059243717283445 1.4586076335454319
GF 13 39 -2.762843540905495 -0.3066053891737364
GF 14 39 -2.43762931563564 -0.6500542822283831
GF 15 39 -2.84979790949884 -0.22130380944798053
GF 16 39 -4.2264557410207075 -1.4021683249809256
GF 17 39 -3.453952514243205 -0.7276973899140492
GF 18 39 -2.5219359236463808 -0.6226660034932251
GF 19 39 -1.8449183275935426 -0.18897837546768395
GF 20 39 -2.6055686434811456 -0.4426546158846498
GF 21 39 -3.7254098429025593 -0.7527061719201777
GF 22 39 -4.537779719359906 -0.7790332770698146
GF 23 39 -4.041678545876982 -0.547040915854777
GF 24 39 -4.345475150720565 -0.8765302550098609
GF 25 39 -5.024263811891194 -2.3664795675422625
GF 26 39 -4.921908793233906 -3.4229763273131293
GF 27 39 -5.055523164626761 -3.523442023645842
GF 28 39 -4.026039488293205 -2.3950490522131207
GF 29 39 -4.563856199077109 -3.0275299441549297
GF 30 39 -2.563448226490699 -1.0677991886962954
GF 31 39 -1.6969169825475425 -0.47770719188673494
GF 32 39 -2.603584885077698 -1.3347460502458708
GF 33 39 -3.399733839470098 -2.902865054361535
GF 34 39 -1.2148751781325542 -1.512808167062863
GF 35 39 -0.3008591503363559 -0.7970519743963274
GF 36 39 -0.8003782713269396 -0.34863508478475086
GF 37 39 -1.0842258078763312 -0.4483756693683195
GF 38 39 -1.4292398494583531 -0.44236823297274647
GF 39 39 -0.580177869361787 -1.4291698356955598
GF 40 39 -1.5746119483474939 0.918189686588996
GF 41 39 -1.0065756480532098 0.6872890731319785
GF 42 39 -1.243871718548549 -2.822023605993755
GF 43 39 -1.7713818125081744 -2.3277537577616423
GF 44 39 -0.437135261564947 0.13287076404525072
GF 45 39 -0.32021254761388035 0.43255832899882446
GF 46 39 -1.2136816807260187 0.9393112929679831
GF 47 39 -2.3382891030980204 3.421940980557426
GF 48 39 -1.8232019382467077 4.303914819023832
GF 49 39 -0.7341082383588603 0.283571135294422
GF 50 39 -1.425754895397435 -0.8899867793419727
GF 51 39 -3.882331755131701 -1.7180959478579043
GF 52 39 -5.237586041723453 -1.8888518151400369
GF 53 39 -7.597579639424836 -2.281599812610185
GF 54 39 -7.976115430403303 -2.0255014541678067
GF 55 39 -7.793750164953081 -2.597654006032212
GF 56 39 -10.09346963328635 -4.030588395450064
GF 57 39 -10.485884708653552 -3.867874933540449
GF 58 39 -10.02817653723035 -4.746597563317509
GF 59 39 -10.090960684544163 -5.305211213484135
GF 60 39 -10.15011428916751 -5.108058185540101
GF 61 39 -9.51664812458665 -3.83025653046385
GF 62 39 -9.639498133471475 -4.1340821628429545
GF 63 39 -10.170878248966575 -7.357350514171886
GF 64 39 -9.029849935106274 -6.735237001288503
GF 65 39 -9.332571530770133 -7.754110067982527
GF 66 39 -8.322683264663155 -6.779454201970079
GF 67 39 -9.383170920698593 -4.723955510622834
GF 68 39 -5.887461368831497 -2.679957365149439
GF 69 39 -5.169845934760967 -4.055399752214411
GF 70 39 -6.0860887446347185 -5.217465283753203
GF 71 39 -6.630781332651774 -2.374612887700399
GF 72 39 -2.2799139533037116 -3.4100853331856036
GF 73 39 -2.6895590046465547 -3.748404341444808
GF 4 40 -0.9450081365253675 0.693925218860032
GF 7 40 -1.0377578493207693 1.5352241416860903
GF 12 40 -3.029167943604392 -0.8881495250311146
GF 13 40 -2.46936653075337 -0.14543852163909263
GF 14 40 -3.6754866273174245 -0.07820686831217356
GF 15 40 -3.3836157689712594 -0.5485599815815301
GF 16 40 -3.9873927523342116 -1.4472041509472364
GF 17 40 -4.585002120585017 -1.4256698113005342
GF 18 40 -2.7848867648760547 -0.5506014861220676
GF 19 40 -4.598357274497457 -0.1786670319154892
GF 20 40 -5.032013607275156 -0.4672641833716536
GF 21 40 -5.14162971281993 -0.6036562646227318
GF 22 40 -5.999771301891168 0.05867899531416301
GF 23 40 -4.6489211795560905 -0.6896668427031155
GF 24 40 -3.3906721608451544 -1.2001058518628238
GF 25 40 -4.592092191675015 -1.9747971850474646
GF 26 40 -4.836741313791022 -3.3689246529949544
GF 27 40 -6.581489653744113 -4.217785573113834
GF 28 40 -7.282683567417619 -3.5842310785678997
GF 29 40 -7.839228934056075 -3.1532928494117196
GF 30 40 -7.531697617963974 -2.716285001341942
GF 31 40 -5.689181807929373 -3.377197328698058
GF 32 40 -3.870540250745571 -2.7255610957507623
GF 33 40 -1.401000344384434 -1.4578773769842956
GF 34 40 -4.167486771032852 -3.417824832585129
GF 35 40 -1.6983219494903599 -2.589062137591607
GF 36 40 0.09348638947619513 -0.16073903023955288
GF 37 40 -0.5371271081912554 0.11685764742888775
GF 38 40 -0.7690775588536095 -0.42875714758216255
GF 39 40 -0.40515635112950354 -0.531989170397741
GF 41 40 0.09448167351074517 -0.07308399975299835
GF 42 40 -0.6012800006409723 -1.1051294834320544
GF 43 40 -3.648469555242466 -1.9431001370967158
GF 44 40 -3.430166285531631 -0.6420505204396989
GF 45 40 -3.469826451479755 0.7165869245657701
GF 46 40 -4.3209651930117765 2.767421771727879
GF 47 40 -2.9289685042693474 2.65199057296185
GF 48 40 -2.4101119867080927 2.359904483703142
GF 49 40 -0.8234189597179276 0.14782322156425196
GF 50 40 -0.8972563066924454 -0.20852765533850623
GF 51 40 -4.5775379020042415 0.06015945183278983
GF 52 40 -6.681017392352651 -1.6891815902769203
GF 53 40 -7.158891873940641 -2.5335361850925704
GF 54 40 -5.3259365940191 -1.7263974436183094
GF 55 40 -8.17115624905406 -2.5407638068248746
GF 56 40 -8.343644617698628 -3.340836391314963
GF 57 40 -8.55682134208474 -3.6112840369814174
GF 58 40 -6.923194860676015 -4.585004272328921
GF 59 40 -7.595272981789515 -4.638744550584327
GF 60 40 -9.330993392890525 -3.946070864307487
GF 61 40 -9.093846709426884 -5.146432011906646
GF 62 40 -7.147334030397354 -3.5558729937403957
GF 63 40 -8.478330867239828 -5.048242686461972
GF 64 40 -9.495817570274017 -7.121491018345842
GF 65 40 -8.803617933805025 -7.382746573468615
GF 66 40 -7.822936566606949 -7.802717674227278
GF 67 40 -9.917512133096531 -5.661113370221635
GF 68 40 -5.491648673825943 -3.2574489227089742
GF 69 40 -2.300022403469831 -1.6618244590711573
GF 70 40 -5.203763355278859 -5.589839941441904
GF 71 40 -7.9479474590074615 -7.924025770421717
GF 73 40 -3.57406952308613 -4.48199892665502
GF 74 40 -4.68216909412156 -6.295288717388228
GF 4 41 0.13350941240787506 -0.26672932505607605
GF 9 41 -0.2648479584770811 1.0475863175732743
GF 11 41 -2.0663750613177267 -0.03050870705326949
GF 12 41 -1.407906002190632 1.6438427464724552
GF 13 41 -4.559091862674497 1.1358736827574234
GF 14 41 -5.09405882816624 -0.34538137990213014
GF 15 41 -4.762494950088961 -0.23318064809291786
GF 16 41 -3.2705694116404453 -0.3999822200836593
GF 17 41 -4.525211553879896 -0.8155838627980418
GF 18 41 -4.212631813344199 -1.109300078455436
GF 19 41 -3.376090830684024 -0.9576237548045442
GF 20 41 -5.199025532274015 -1.9885847673265764
GF 21 41 -5.898533284731061 -1.5974349938572283
GF 22 41 -4.137768826740379 -2.5041355112976897
GF 23 41 -1.951477448536648 -0.6896515343829444
GF 24 41 -2.9722717879018474 -2.061559496264367
GF 25 41 -4.833729431300644 -2.233675587969928
GF 26 41 -4.311973466621764 -2.0166196528614933
GF 27 41 -6.490170567704898 -3.776773662418662
GF 28 41 -7.916532671233177 -3.387874953765119
GF 29 41 -7.207549793898157 -2.0790130551017993
GF 30 41 -6.923769039815163 -2.217157477739863
GF 31 41 -5.8683525824949845 -2.20846974319581
GF 32 41 -7.070618989918344 -2.69143810160117
GF 33 41 -6.840421861009578 -1.5386699251825797
GF 34 41 -6.998828581443066 -2.049918231009277
GF 35 41 -7.341697522688613 -2.6524715221033883
GF 36 41 -7.450816913151983 -1.1258153065067804
GF 37 41 -6.75376918006704 -0.3622492837346923
GF 38 41 -6.287807879200491 -1.2510996862469184
GF 39 41 -4.949970612673549 -2.7238928418114634
GF 40 41 -2.820846222368449 -1.6277197353843351
GF 41 41 -0.733128407447965 0.33845500626502506
GF 42 41 -1.8323035821481435 1.8412835602246853
GF 43 41 -4.523399377224812 0.9323632329270042
GF 44 41 -6.641226946211802 0.22156603819882972
GF 45 41 -6.870844400392152 1.2402970927486892
GF 46 41 -6.32487739100936 -0.25404116134763144
GF 47 41 -4.271159923230725 2.1795495740589703
GF 48 41 -1.5449442767138708 1.687931839535776
GF 49 41 -3.326459757923826 2.3202661893865666
GF 50 41 -2.8827965130227833 2.0876706067169923
GF 51 41 -5.4286535800656335 2.051933442521807
GF 52 41 -3.8946927806092138 0.06772478182696294
GF 53 41 -5.482290154634094 -3.057661929493299
GF 54 41 -6.982982864009388 -4.041707430345573
GF 55 41 -4.539860130144115 -1.875506409837286
GF 56 41 -5.8417087628723525 -1.5616253003074618
GF 57 41 -7.176000647005994 -3.5716088416945957
GF 58 41 -7.276962902156952 -2.8004201730918803
GF 59 41 -6.583656775824754 -4.501689378189658
GF 60 41 -6.055862062794863 -3.201848385552968
GF 61 41 -4.565039018561243 -4.295196475061135
GF 62 41 -5.03071846686623 -3.8495219795518545
GF 63 41 -7.9678297760280685 -5.69943060340503
GF 64 41 -7.655318275682507 -6.158842474450591
GF 65 41 -7.864658973092812 -7.895641205381191
GF 66 41 -9.72524253758605 -9.164559802151938
GF 67 41 -10.085883642917906 -6.8671365906164255
GF 68 41 -8.811907542854378 -3.183823004348184
GF 69 41 -8.35857905630339 -3.337396405471147
GF 70 41 -8.03130014252718 -5.020932103883117
GF 71 41 -8.333783889894354 -8.042179951609521
GF 72 41 -8.343438849300478 -6.497879960269924
GF 73 41 -7.5717431514589455 -4.599350408770728
GF 74 41 -3.4153045585228545 -4.381760491484779
GF 75 41 -0.3093578422477923 0.5468880244172531
GF 5 42 -0.9208409190177917 -0.11162888258695602
GF 7 42 -2.054362096772012 1.7045042680369482
GF 9 42 -0.8942602295680221 -1.5252084957586758
GF 12 42 -3.196503919303879 0.46507394898167
GF 13 42 -4.6215641128707174 0.13479207936397022
GF 14 42 -7.033751238426303 -0.19761031770808923
GF 15 42 -5.6279218921294145 -0.4420594308324148
GF 16 42 -1.9281234444185569 -0.3020263042326531
GF 17 42 -2.2346231753338563 -1.0058188874141898
GF 18 42 -3.6459476726375843 -1.2046712873554688
GF 19 42 -4.523626593845671 -0.6541968209773867
GF 20 42 -4.317597477611529 -0.21160309947452682
GF 21 42 -5.989236650227695 -0.7659025370972351
GF 22 42 -6.338175450154229 -1.8927642090402736
GF 23 42 -5.323115041015522 -1.7789655677476446
GF 24 42 -4.292774833733323 0.3927822053927708
GF 25 42 -6.940742530615789 0.3984334297142573
GF 26 42 -7.263878125647291 -0.3855573935943914
GF 27 42 -8.224770335208719 -1.8185839299513302
GF 28 42 -6.417637401152191 -3.472154262436073
GF 29 42 -3.7446248015986767 -2.1522129506689383
GF 30 42 -4.346596870471569 -2.474092546032452
GF 31 42 -5.090618256320592 -1.5736707679635697
GF 32 42 -6.62791760004456 -0.38396141761280117
GF 33 42 -8.159013579935326 -1.6974068804485403
GF 34 42 -8.548262570168019 -2.105078760412932
GF 35 42 -9.68336885411158 -2.4439644429816485
GF 36 42 -9.389302865849407 -1.2872025831794236
GF 37 42 -9.063928208685708 -1.6175025002753807
GF 38 42 -9.122432500427538 -2.148836745787243
GF 39 42 -8.221736729691163 -1.9356865397542278
GF 40 42 -6.911434487925166 -1.2586253062997894
GF 41 42 -6.666347487762614 -0.25181378245544356
GF 42 42 -6.968133737932233 1.3315943304997162
GF 43 42 -7.873611939267738 0.722328522420335
GF 44 42 -7.3031312198618545 1.130157837311362
GF 45 42 -4.843742860687 0.6036699992731085
GF 46 42 -6.797408448215938 0.12420757009475535
GF 47 42 -7.096730934045219 -1.8408384854669693
GF 48 42 -7.502382993642654 -1.3727997499026172
GF 49 42 -6.083118289993354 1.8227969654223293
GF 50 42 -5.941174000320642 1.2600405019802425
GF 51 42 -5.295915156668482 0.5000711810948597
GF 52 42 -4.796506568231727 0.8052149773399029
GF 53 42 -6.485088005299665 -0.922972162690142
GF 54 42 -7.620881896399455 -4.599281227514601
GF 55 42 -8.375053543337737 -3.7174022348691467
GF 56 42 -7.943252106502706 -1.7088345522858128
GF 57 42 -7.344186072533945 -0.9020329544774077
GF 58 42 -8.811988715588585 -1.8576796374998645
GF 59 42 -8.680846664749888 -4.081438174637237
GF 60 42 -8.006242395865764 -5.4424426750391754
GF 61 42 -6.262431230016365 -4.318376719407033
GF 62 42 -7.334836819888804 -6.663751144076941
GF 63 42 -7.5177401071115915 -5.181469238820946
GF 64 42 -7.891699062736061 -5.997337357417001
GF 65 42 -7.413329515328582 -6.289855530398015
GF 66 42 -8.865612772093241 -7.489107638340824
GF 67 42 -10.54799013584047 -6.907994359655284
GF 68 42 -9.94987326538865 -6.1746698135772355
GF 69 42 -7.923413270432562 -5.269002694802089
GF 70 42 -9.782374128709066 -5.66375028274444
GF 71 42 -10.248802137896629 -5.8183019356873364
GF 72 42 -8.717926377199896 -6.435008672907899
GF 73 42 -7.659928922002643 -5.6163025349121245
GF 74 42 -3.2211190120588933 -3.81528355660185
GF 75 42 -1.9447563525261058 -2.5434160307049813
GF 76 42 -0.4154774258998271 -1.0713024040304324
GF 9 43 -0.09014071469359547 1.6681468226015568
GF 12 43 -5.790880173657123 -1.644324997594841
GF 13 43 -4.007976673479411 0.097999607162139
GF 14 43 -2.270737338174135 -0.48550654630590523
GF 15 43 -1.9574236316903257 -0.7983916169078236
GF 16 43 -2.145028242426553 -0.5278232988235968
GF 17 43 -2.6999323111482347 -0.34294845829077075
GF 18 43 -3.606615726390385 -0.08774439569749015
GF 19 43 -3.779819459782578 -0.215326500648463
GF 20 43 -3.900295627499773 -0.5566456873318154
GF 21 43 -5.989760520696597 0.15434429644143244
GF 22 43 -4.819593921774434 -0.46609472666066415
GF 23 43 -4.011210105840429 -0.27462142727548294
GF 24 43 -5.6166730434552905 0.4382630830886511
GF 25 43 -6.531756304675509 1.0407531942602022
GF 26 43 -6.036375655880565 0.6869386629936971
GF 27 43 -5.927370423698318 -0.664227860235679
GF 28 43 -5.068278095699526 -2.430447401580059
GF 29 43 -6.962766996942041 -2.944370413753085
GF 30 43 -7.7009798009214165 -1.717348846277562
GF 31 43 -8.792203762337808 -1.5814568703866525
GF 32 43 -7.991840015909735 -2.2943501102470227
GF 33 43 -6.30043793419112 -0.21526323403793937
GF 34 43 -7.309970571014134 -1.2100035266095466
GF 35 43 -7.451175563321527 -1.0449343485657956
GF 36 43 -9.171679419501125 -1.7498976869773593
GF 37 43 -8.518957221636043 -2.469013310795819
GF 38 43 -8.849123659074198 -1.5542468423008817
GF 39 43 -8.232192832763548 -0.3577458409476739
GF 40 43 -7.591967531354551 -0.5931980021245622
GF 41 43 -6.978895629405506 -1.812138677136667
GF 42 43 -7.882623783265184 -0.1736725443863844
GF 43 43 -8.442952675192053 0.29711698748604165
GF 44 43 -8.27459611801027 -0.04245309512977589
GF 45 43 -8.347539553650732 0.02679233671375143
GF 46 43 -8.925218910027734 0.4068561555838424
GF 47 43 -8.952991835160656 -0.3098803022787173
GF 48 43 -9.323019247986041 -0.7179177474059221
GF 49 43 -9.466720465185203 -0.5147878441462301
GF 50 43 -9.35926307328648 -1.296733800732345
GF 51 43 -9.477289474171801 -2.2604712588695515
GF 52 43 -9.004943885332978 -2.583878952197148
GF 53 43 -6.979720922104592 -1.557288428167396
GF 54 43 -7.020092884710576 -3.3634611595721715
GF 55 43 -9.201704890740706 -3.9246620291382106
GF 56 43 -9.967052818985893 -4.114994562298015
GF 57 43 -9.096402623091505 -3.7675518731571866
GF 58 43 -7.375816184595826 -4.713900402038885
GF 59 43 -0.6974550596784816 -0.5675447129261475
GF 60 43 -5.223230811518076 -5.729138865888372
GF 61 43 -6.154345235862852 -5.868011000275071
GF 62 43 -6.699672422056313 -6.104397528987644
GF 63 43 -8.30066157916832 -3.7813141488862723
GF 64 43 -9.167898464254991 -4.322522598080515
GF 65 43 -8.101824797922104 -7.381498668691124
GF 66 43 -6.857253106630397 -7.698746276426293
GF 67 43 -8.693099125586553 -5.231145776526711
GF 68 43 -9.305223625076101 -6.180735156468958
GF 69 43 -9.362108554154728 -5.006059762372687
GF 70 43 -7.8612858377462045 -3.72758854564676
GF 71 43 -10.02892947838846 -1.246332783184224
GF 72 43 -9.67697889938863 -5.500842068912621
GF 73 43 -8.376481533846272 -6.8312910803738855
GF 74 43 -7.594601375816863 -7.964351181447897
GF 75 43 -4.117377607986858 -3.7020425494888576
GF 76 43 -1.434963411092758 -3.6552000045776367
GF 13 44 -4.112215658028921 -0.48355020660840475
GF 14 44 -2.2461632025286904 -0.41407843670010913
GF 15 44 -3.802155088136721 -0.2678453373742231
GF 16 44 -4.391959585883433 0.07908965092783321
GF 17 44 -3.309398971182969 0.2203810171308478
GF 18 44 -3.805004708818678 0.032993815924152965
GF 19 44 -4.006176422141252 -0.379532201593189
GF 20 44 -4.484478726998041 0.5229935962978202
GF 21 44 -4.341591431049443 0.2544937519059818
GF 22 44 -4.133134402462959 0.15046230814242034
GF 23 44 -4.291969216683397 0.23014465024207265
GF 24 44 -2.8629728894631143 -0.08273099014797886
GF 25 44 -1.6588968442358516 0.3653768153234803
GF 26 44 -0.4045949218512399 0.16766243303800693
GF 27 44 0.2561429890891955 -1.154995219116763
GF 28 44 -0.8151321953130827 -1.1727014924659918
GF 29 44 -4.11107101236343 -1.9229533068327946
GF 30 44 -8.231896232015343 -3.6576993919059038
GF 31 44 -8.921454614058165 -3.190787693916038
GF 32 44 -9.976353378057437 -3.414007143633779
GF 33 44 -9.416953243492973 -2.496096629298332
GF 34 44 -7.423560576089895 -1.4341920785048166
GF 35 44 -7.094789088785569 -1.440383380835831
GF 36 44 -7.832144204312772 -0.6652262273320487
GF 37 44 -8.51097071897869 -0.8229913766440665
GF 38 44 -8.517407233216554 -2.200246168083309
GF 39 44 -7.3369927805363195 -1.9267364162132745
GF 40 44 -5.43668409756396 -0.3150680292257532
GF 41 44 -6.718478465156673 0.10081761332886877
GF 42 44 -8.376011093345358 -0.33742815617193406
GF 43 44 -7.010978266961869 -0.05025143031134136
GF 44 44 -6.5422053841237915 -0.1697058028443965
GF 45 44 -4.329331633470508 -0.2574284046640825
GF 46 44 -8.375071526454557 0.32716438622826904
GF 47 44 -8.314720469410629 0.7702450162641232
GF 48 44 -7.4216715746020006 -1.2375175558018812
GF 49 44 -8.536018149010676 -1.0317012996223978
GF 50 44 -8.960949169630016 -2.3134239660295126
GF 51 44 -9.315726640601639 -3.280475561235096
GF 52 44 -9.831602270448675 -3.474001452060345
GF 53 44 -10.30661281133654 -3.137464728805259
GF 54 44 -9.540545453292797 -2.9886346287817513
GF 55 44 -10.998853885917134 -4.533354491519762
GF 56 44 -11.521443478587877 -5.746092447868958
GF 57 44 -10.578861330803782 -4.068450268844444
GF 58 44 -8.648683952013462 -3.707910375207893
GF 59 44 -8.244255476540765 -2.275195923506116
GF 60 44 -6.1694064369453905 -1.6459502391364025
GF 61 44 -6.2268114393337255 -5.905328475296674
GF 62 44 -6.578123836588063 -7.295432332353014
GF 63 44 -5.531858800435694 -7.5415088630331395
GF 64 44 -2.2821919922120055 -1.914543562908781
GF 65 44 -6.243775649305424 -5.6634938032446085
GF 66 44 -7.846626647166601 -8.56335766323671
GF 67 44 -5.315501909339697 -5.439893889323835
GF 68 44 -5.507449517676061 -3.6173834732238572
GF 69 44 -8.37636154504232 -7.209835848328412
GF 70 44 -8.453667994170797 -5.15497818287621
GF 71 44 -6.68557597263744 -3.6942766962824694
GF 72 44 -5.593905603872159 -1.7373998047127437
GF 73 44 -7.435152170016744 -7.3436942124729985
GF 74 44 -7.050335215458604 -7.833964379392066
GF 75 44 -5.844542503356934 -7.554287433624268
GF 4 45 0.09103966504335403 -0.27073416113853455
GF 5 45 -2.8104234424730143 1.341034193833669
GF 6 45 -1.0132178217172623 1.5744473040103912
GF 11 45 0.0692433862445446 -0.25403236769712884
GF 13 45 -1.1912349894128997 -0.5687225851519355
GF 14 45 -2.5782468251006296 -0.6309871270978773
GF 15 45 -4.575086903780539 0.017224808061189128
GF 16 45 -4.761610238768304 0.566846743222752
GF 17 45 -4.060766571932879 0.7940771705313342
GF 18 45 -2.6041643182038787 0.42186899338489975
GF 19 45 -3.489518430486567 0.1875665671077498
GF 20 45 -3.8662102997635235 0.23477891964809386
GF 21 45 -2.967411317641373 0.4207702705955145
GF 22 45 -2.9796574582529987 0.4390978725341191
GF 23 45 -4.410255097172508 -0.3175125802080269
GF 24 45 -5.624943061023628 -1.938325305124957
GF 25 45 -3.7210952657262992 -2.509197139080284
GF 26 45 -0.9808648143257078 -0.9310132762493067
GF 27 45 -1.8111272620865047 -1.2198643268810363
GF 28 45 0.2174345794589955 -1.9986019415425427
GF 29 45 -0.7989540300749656 -2.612155368019206
GF 30 45 -2.1478540415525127 -0.4916487682181091
GF 31 45 -5.251909400180399 -1.1747816007382912
GF 32 45 -8.122872828127319 -3.689800658437054
GF 33 45 -8.310013711849734 -3.242457402701577
GF 34 45 -8.994424557060674 -2.6477486309891947
GF 35 45 -6.935388660878535 -1.2737148129759108
GF 36 45 -8.049057878662309 -1.076782402819565
GF 37 45 -8.740758048806521 0.13560210801247374
GF 38 45 -9.06025137808736 -0.4493402184343396
GF 39 45 -8.877955678777008 -0.47807879104527545
GF 40 45 -8.078940614874021 -0.14366989563563018
GF 41 45 -5.754897787392713 -0.24935127605905394
GF 42 45 -7.640467059381655 -0.7543589095581703
GF 43 45 -7.39414968811723 -0.6274790478775275
GF 44 45 -8.523476000005527 -1.5666492737297595
GF 45 45 -7.55862635187983 -1.3994581339398682
GF 46 45 -8.587465019386396 -2.2588410293668644
GF 47 45 -6.233583336926664 -1.12835123426093
GF 48 45 -4.655120731810359 -1.1920901056181497
GF 49 45 -3.957657114873092 -1.6244927809946743
GF 50 45 -7.331202085515852 -3.026056757350684
GF 51 45 -7.511708849777724 -3.3968983321959865
GF 52 45 -8.047247787462535 -5.98487424462331
GF 53 45 -9.080560453165791 -4.396144655885764
GF 54 45 -8.654287711148214 -4.739370313728182
GF 55 45 -10.207880221923869 -5.860207909648123
GF 56 45 -10.530838486428236 -6.258879135615309
GF 57 45 -10.393483619737406 -4.973747315267831
GF 58 45 -9.55765721307569 -4.0643962939774925
GF 59 45 -7.420474778814679 -1.2861030490317302
GF 60 45 -8.139486371205 -3.974646919705454
GF 61 45 -7.415160358421442 -5.843003444395347
GF 62 45 -7.328065430720411 -7.17647395252409
GF 63 45 -7.589718635081929 -7.853680208774636
GF 64 45 -6.898108449484047 -3.0690921394920143
GF 65 45 -5.8609328607929525 -2.542308622330071
GF 66 45 -7.147608368690081 -7.899327858343998
GF 67 45 -8.587701445944088 -7.345248581902417
GF 68 45 -8.8458365214532 -5.551211091857198
GF 69 45 -7.699087848677038 -6.131632814325246
GF 70 45 -6.548227747633311 -4.504769945271823
GF 71 45 -5.235887760936788 -3.2587091577800433
GF 72 45 -5.924563031200847 -6.713056941880449
GF 73 45 -3.458820373764951 -3.2383554576069407
GF 74 45 -5.62982677751118 -9.023554917838823
GF 75 45 -6.184878265156466 -8.197753794053025
GF 4 46 -0.2746931058665117 -0.27695457711815835
GF 5 46 -1.668920756628116 1.1698961208264034
GF 6 46 -0.2944427044317126 -0.1936560869216919
GF 7 46 -1.2673302502462678 0.21759569944412113
GF 15 46 -3.8178992568296017 -0.2954319147734693
GF 16 46 -5.698785717266233 2.4975648316434667
GF 17 46 -3.557912007447028 1.0292779921443427
GF 18 46 -1.8667258442145895 0.3191799446207948
GF 19 46 -1.4658651881314542 0.3348621235823709
GF 20 46 -2.665520263982051 0.2494354774694773
GF 21 46 -1.9659924093706482 0.24227557021264737
GF 22 46 -2.006040743630589 0.8021000520278181
GF 23 46 -1.4636169759042694 -0.0507246293403701
GF 24 46 -5.834741270708381 -2.61221734028349
GF 25 46 -5.669982896967484 -2.6926225817284246
GF 26 46 -5.3416092628567835 -1.7057479635874981
GF 27 46 -5.543191179195052 -1.7060909055577522
GF 28 46 -4.318735641956592 0.3971029936375279
GF 29 46 -3.791308621488928 0.3551918378715427
GF 30 46 -6.900141561086654 0.9415073554425939
GF 31 46 -6.504308427162482 0.16356063068007304
GF 32 46 -6.149296295649662 -1.9849260700249138
GF 33 46 -8.454902901443624 -3.6769013508079738
GF 34 46 -9.182008911167864 -2.4118478953081235
GF 35 46 -10.289835626242972 -2.337729278433694
GF 36 46 -10.36872788996848 -1.492280830383677
GF 37 46 -9.678710614249631 -0.4716864388879849
GF 38 46 -9.340720350368631 1.0011247681171922
GF 39 46 -5.845655633541089 1.1366184178683976
GF 40 46 -3.8174826350040116 -0.2868678983440552
GF 41 46 -4.05394095249849 -0.35500762973274935
GF 42 46 -6.487226924864839 -1.1617814365811996
GF 43 46 -7.167716015694325 -1.904536885821001
GF 44 46 -5.560339764944272 -1.462899360760017
GF 45 46 -8.303811335656462 -2.4354807833189596
GF 46 46 -8.981706904302458 -3.4844118827546873
GF 47 46 -8.884906085697542 -2.703648056904959
GF 48 46 -7.164463659309535 0.08813951212194128
GF 49 46 -6.205370350578048 -0.7747364370245307
GF 50 46 -7.051418260631593 -4.07246707038669
GF 51 46 -8.301147335419111 -4.148514065454896
GF 52 46 -6.53348115677773 -4.218073248079526
GF 53 46 -8.513325795644612 -5.516853464947128
GF 54 46 -9.092744767741587 -4.437264552095945
GF 55 46 -8.845438559251134 -6.590526816002472
GF 56 46 -10.1136435058807 -8.475702201975707
GF 57 46 -11.193483109446378 -7.963075245013805
GF 58 46 -10.835031507919453 -3.9504379771501883
GF 59 46 -11.950461978084618 -2.953716979321726
GF 60 46 -9.757812334121283 -3.7708719101802513
GF 61 46 -7.208971796756163 -4.200015866631601
GF 62 46 -7.892157115745501 -6.019506995780198
GF 63 46 -8.901456228187518 -7.110101043968208
GF 64 46 -7.975705488186204 -5.036587556362077
GF 65 46 -6.011001813340904 -3.0400456751562355
GF 66 46 -7.369604060616784 -3.5486400646371177
GF 67 46 -7.780657644509934 -7.2906188520924475
GF 68 46 -8.657871193774612 -5.316395644521742
GF 69 46 -8.212300133433116 -4.311322482660553
GF 70 46 -6.93015950243543 -5.731274419279267
GF 71 46 -6.833159822047641 -4.718757375292919
GF 72 46 -6.165579086943542 -5.744265556941307
GF 73 46 -7.102054552741296 -4.6687857142390445
GF 74 46 -5.893048167228699 -1.1346233785152435
GF 8 47 -1.6103992462158203 0.1748633086681366
GF 11 47 0.08309713751077652 -0.13081668317317963
GF 12 47 -0.5817589599018296 0.13778843581676484
GF 13 47 -0.2732356794178486 0.023239683359861374
GF 14 47 -1.7170480664819483 -0.13286335007287559
GF 15 47 -2.9017578670207183 -1.272771896246601
GF 16 47 -3.5006196545297024 0.7874756549413089
GF 17 47 -2.06233381034911 1.1390798924392405
GF 18 47 -0.7993818777781596 -0.036016899700371
GF 19 47 -0.31529084239416044 0.10416740779620925
GF 20 47 -0.11358670171766828 0.4047267020989581
GF 21 47 -1.3265916982900758 1.6564070379126414
GF 22 47 -0.370573316290772 0.6806236198678127
GF 23 47 0.28319844954981 0.3396105313638471
GF 24 47 -1.1851036548614502 0.32175397872924805
GF 25 47 -5.259584126072261 -5.142356544709893
GF 26 47 -6.412356319797354 -5.298897773635826
GF 27 47 -4.40713076579933 -1.1972153743570357
GF 28 47 -3.9136732359883344 0.230329283893987
GF 29 47 -3.807778274948206 0.9524356704198755
GF 30 47 -7.971409448812227 0.19027420024345476
GF 31 47 -4.768055651119173 -2.911208495309194
GF 32 47 -1.580301322131969 0.14629849717368548
GF 33 47 -1.7078567950676846 -1.752880849668407
GF 34 47 -5.54410596573148 -2.7978733700398593
GF 35 47 -9.36218088851276 -1.0427665817936544
GF 36 47 -10.91106155875449 -1.0236671715423344
GF 37 47 -10.919665106468262 -1.4501721976625093
GF 38 47 -9.855811460553134 -2.063958013355213
GF 39 47 -5.765086231956097 -0.9518381958067649
GF 40 47 -5.12573871568365 -0.38561545523952284
GF 41 47 -7.104118848924036 0.3463659952366547
GF 42 47 -8.954741282878421 0.25446791688296827
GF 43 47 -7.184295639325013 0.6649125710316919
GF 44 47 -8.671625465818114 -0.8350210397056461
GF 45 47 -9.221160803739739 -1.8568059748073167
GF 46 47 -9.663563148566464 -2.4477413207173733
GF 47 47 -9.384895783337234 -4.282124115093111
GF 48 47 -7.835365034944906 -3.72433270165331
GF 49 47 -5.692594029506678 -2.60242807618537
GF 50 47 -5.481203201425149 -1.6839256690653788
GF 51 47 -7.3573359103276506 -3.5893475595437523
GF 52 47 -7.609158056116981 -3.111644011959689
GF 53 47 -7.6009571833573615 -5.980116745104872
GF 54 47 -7.366742210543291 -5.225780606800316
GF 55 47 -7.78082821373709 -5.398571539846159
GF 56 47 -9.771728497843618 -6.931587155040046
GF 57 47 -9.479474245732488 -7.310388499911722
GF 58 47 -10.226426076594102 -8.349702336554408
GF 59 47 -8.218167411484568 -3.0508142378369074
GF 60 47 -7.028187843247162 -4.541969214554627
GF 61 47 -4.6852345856354365 -6.3580731869945835
GF 62 47 -8.101871129090977 -6.7413470076007
GF 63 47 -9.009852754756508 -6.166127061056415
GF 64 47 -8.765475045948875 -5.120951829122905
GF 65 47 -8.301771070265982 -3.968220173856945
GF 66 47 -7.5437040890051925 -3.690334429173062
GF 67 47 -7.2082866231369245 -5.957072770616875
GF 68 47 -7.997792181036557 -6.804454524463439
GF 69 47 -5.164584438280832 -4.692222833599467
GF 70 47 -6.738878974766633 -4.928874787015192
GF 71 47 -8.07670175081751 -4.239510318397014
GF 72 47 -6.456897530567387 -5.285324454893306
GF 16 48 0.5734187960624695 -0.2918109893798828
GF 17 48 -0.41058151721954345 -0.2883530303835869
GF 18 48 -0.5537462660145978 -0.6665271509576729
GF 20 48 -0.19420134729928876 -0.23960801086151126
GF 21 48 -1.8378962254991726 0.012433246946802173
GF 22 48 -0.7012280225753784 0.7209644913673401
GF 23 48 0.6772362291812897 -0.05430730783513615
GF 24 48 -0.1550297889887853 -0.13156198558129115
GF 25 48 2.3937464578534096 -0.1030461733703906
GF 26 48 -4.717513869807731 -4.15656126976051
GF 27 48 -4.035842570609315 -3.891815214174622
GF 28 48 -2.025339693270116 -1.8759001674381706
GF 29 48 -1.1302686750279884 -1.2600325536618577
GF 30 48 -2.2053087614086113 1.3667791556192077
GF 31 48 -0.38639624538084955 -0.2081276731038567
GF 32 48 -4.119355581213724 -0.44066183376335016
GF 33 48 -7.991292449577297 1.8639728493563799
GF 34 48 -6.113240163797578 1.2810387956535463
GF 35 48 -5.126738861337608 1.3169092064022108
GF 36 48 -8.394723810730758 0.1747552227452829
GF 37 48 -9.66535027959727 -0.6617216311054905
GF 38 48 -8.40799176145784 -2.2339889558522907
GF 39 48 -6.856498986953794 -0.990366265231792
GF 40 48 -6.8842396086241715 0.9698925832532121
GF 41 48 -6.1988149493377165 0.5580290596161527
GF 42 48 -7.888952755068932 -0.6356277461107644
GF 43 48 -9.48682915757053 -1.7150997499215468
GF 44 48 -9.203990401631026 -2.962860009582658
GF 45 48 -8.604203954208481 -3.60654933690837
GF 46 48 -7.1906526762412755 -3.7379618636502108
GF 47 48 -2.6860709732610712 -0.8917048145721196
GF 48 48 -6.423188280970601 -2.8083871096242827
GF 49 48 -9.090523843275902 -3.6358608058657995
GF 50 48 -9.114712334785859 -3.7498296799515214
GF 51 48 -7.973446400523928 -2.80743970435263
GF 52 48 -7.1047828939729145 -2.9097364962409884
GF 53 48 -9.033517207718843 -4.720381811380286
GF 54 48 -7.348662186678588 -4.480563144773463
GF 55 48 -7.7670842434605 -3.4274391348389486
GF 56 48 -9.383668491190408 -3.793586763429786
GF 57 48 -9.774509807123964 -5.115111459396074
GF 58 48 -11.024630693354469 -7.876732217772621
GF 59 48 -11.469935941291553 -5.021550789504352
GF 60 48 -9.386657775856401 -3.012990965778502
GF 61 48 -4.591801489496019 -4.898306756974454
GF 62 48 -5.107344754919956 -5.552736665182759
GF 63 48 -8.999838696525408 -4.1011392663689925
GF 64 48 -9.862025131312155 -6.6061846686802275
GF 65 48 -7.847635104450772 -5.1267679657246905
GF 66 48 -7.772194490566317 -4.31624773251952
GF 67 48 -6.893336364036823 -4.90331969986262
GF 68 48 -7.579115651173997 -4.515448153375952
GF 69 48 -7.787630021406218 -5.236159872004017
GF 70 48 -5.8604908369826525 -4.800051734452394
GF 71 48 -7.874189321784384 -4.443263499964705
GF 72 48 -6.376314786764292 -6.370849150877732
GF 24 49 -1.5630570650100708 -0.3331277370452881
GF 29 49 -2.6891002742959453 -0.18310407702685286
GF 30 49 -2.8597320216475346 0.2945777411370267
GF 31 49 -2.2651061660297307 0.9504543422337379
GF 32 49 -6.3131315943055 1.159308903561517
GF 33 49 -5.5613763988172735 1.2517295846779064
GF 34 49 -2.881749815682751 0.01894577709204491
GF 35 49 -1.173632236515351 0.1976967652672374
GF 36 49 -4.356765820686709 -1.7213293406494632
GF 37 49 -3.5621255046781672 -0.3096902709760049
GF 38 49 -1.018270480584234 0.6055808890328099
GF 39 49 -1.166809849008175 0.26020306354804373
GF 40 49 -1.2995239531820646 0.1716509350033936
GF 41 49 -1.3715130209689965 0.034858877615382186
GF 42 49 -9.190093175543046 -1.9760262111755016
GF 43 49 -7.104889306911438 -2.22586474638845
GF 44 49 -9.991862711954226 -4.030885124815088
GF 45 49 -8.902980195950473 -3.939470853554022
GF 46 49 -10.20347825700431 -5.985746778212608
GF 47 49 -7.831238968738704 -3.1370429745393014
GF 48 49 -4.737216989444728 -1.468085477750246
GF 49 49 -7.905550694606689 -3.319254179825015
GF 50 49 -10.82547973164655 -4.406384012686367
GF 51 49 -9.341953475350948 -3.907396529614737
GF 52 49 -7.362610534305847 -2.155980670828515
GF 53 49 -8.615973493601256 -3.6067577815604897
GF 54 49 -7.602369317626236 -5.661151266234636
GF 55 49 -8.079795301535329 -4.196530309581025
GF 56 49 -9.408743343453581 -5.100248920488212
GF 57 49 -10.536817620544381 -5.408097805477272
GF 58 49 -9.54277622272183 -5.757937010739421
GF 59 49 -10.780160858613932 -5.186646408049458
GF 60 49 -9.53571008834343 -3.4727339126462815
GF 61 49 -7.686220000523866 -4.026721581142266
GF 62 49 -6.12956652059269 -5.079900240353815
GF 63 49 -5.114941464054393 -3.7052639991817595
GF 64 49 -1.5051501583914182 -0.5705475211799121
GF 65 49 -2.994652590413202 -4.181978896455486
GF 66 49 -7.423012066438016 -5.891429068347117
GF 67 49 -7.044881934658047 -5.010539925395471
GF 68 49 -7.412138772695215 -5.093177134041396
GF 69 49 -7.536675368950611 -5.490507050937087
GF 70 49 -7.255876574560765 -5.010287737289117
GF 71 49 -6.204599190058189 -4.3989866634584915
GF 31 50 2.5548413693904877 -0.5143946409225464
GF 34 50 -1.3840794603029887 -1.4945310513178502
GF 37 50 -1.3246585383565848 0.09788845402553036
GF 38 50 -1.7764472465696082 -0.4701552642243252
GF 39 50 0.21033015567809343 0.4027567757293582
GF 42 50 0.46260491013526917 -0.1768766234818031
GF 44 50 -3.878808211064657 -2.7959135802168573
GF 45 50 -0.09201435710657657 -0.021146275860816605
GF 46 50 -6.218735913364305 -4.60784235350153
GF 47 50 -12.694237085100486 -5.3734540422268475
GF 48 50 -11.977495142731232 -3.0983941712697987
GF 49 50 -10.6303520901997 -2.5509283691265896
GF 50 50 -10.760426904164625 -3.462568748407502
GF 51 50 -8.936353992463873 -4.773235016000558
GF 52 50 -4.411475622577103 -2.047549265242023
GF 53 50 -7.0110206799761 -2.5072028004037565
GF 54 50 -8.322092187743145 -3.7861533699312044
GF 55 50 -10.870444654929427 -4.42974867395829
GF 56 50 -10.792433969531983 -4.305109292835616
GF 57 50 -9.952069837742863 -4.336625518545056
GF 58 50 -7.018985092295737 -1.3129582038443248
GF 59 50 -11.21592716037177 -2.1293769090716888
GF 60 50 -10.815067440021696 -4.370186955160509
GF 61 50 -12.290063828286822 -6.27215119969874
GF 62 50 -10.791000987748665 -4.985984583238502
GF 63 50 -8.729679929689025 -3.776398309331797
GF 64 50 -10.1500797553005 -3.5415271016640357
GF 65 50 -5.944222366018122 -1.7389049031351036
GF 66 50 -7.973873155021601 -3.4419882560366837
GF 67 50 -8.919813848823054 -3.6070287720622316
GF 68 50 -8.677728985401023 -4.89343516206562
GF 69 50 -8.121149663925168 -4.924720149040229
GF 70 50 -7.475318643781869 -5.017002820968628
GF 26 51 -0.19453077590148957 0.17974298868416677
GF 27 51 0.279976495107015 0.178626283009847
GF 33 51 0.30973309780367564 -0.7613855732811821
GF 34 51 -0.04392999000847337 -1.2592676146072326
GF 37 51 0.041306476873457995 0.23349580077197596
GF 38 51 2.6054975107826013 -0.5377285321211001
GF 39 51 0.22301648488293752 0.5653636048305524
GF 47 51 -9.02520208627406 -5.37631574482986
GF 48 51 -8.838866473055242 -3.5799960238592927
GF 49 51 -8.392109525656508 -5.012020513449853
GF 50 51 -7.182365705534858 -3.929105892787839
GF 51 51 -8.209508467278274 -4.770734623091883
GF 52 51 -3.811450488138078 -3.5875845424159967
GF 53 51 -6.077386573692351 -1.7465749490182045
GF 54 51 -2.9903634395477137 -1.4054889094099203
GF 55 51 -11.484623954060318 -5.19718969968651
GF 56 51 -9.875555755987778 -4.553126395336274
GF 57 51 -7.559319452555908 -3.5385444387056384
GF 58 51 -9.144729131969836 -6.017841963042219
GF 59 51 -4.928987399160594 -1.8914479652773883
GF 60 51 -4.504577480538368 -2.714137627926792
GF 61 51 -9.558415956121038 -4.069349116923503
GF 62 51 -12.42926306521761 -5.334910449179256
GF 63 51 -14.070282967913652 -6.243083504033323
GF 64 51 -12.81003898222552 -4.8466373189884004
GF 65 51 -8.450046005049904 -4.73168493828442
GF 66 51 -8.426997883528188 -6.380529256470401
GF 67 51 -7.0133512747915505 -3.130612267893643
GF 68 51 -7.848830114281337 -1.8171631129613852
GF 69 51 -6.104951858520508 -1.8548341989517212
GF 78 51 -1.5305767492814495 -0.06409729475324802
GF 31 52 0.18497509311171295 0.10338046231884214
GF 34 52 0.15360432974800153 0.2402820301552614
GF 36 52 0.7595174113909403 -1.9289851586023967
GF 37 52 0.16402673439976426 0.42311130836606026
GF 48 52 -0.04443483197752808 -0.018867754714184587
GF 49 52 -0.0771803765735393 -0.09055717196315526
GF 50 52 -5.030579944890724 -5.236502794950197
GF 51 52 -9.161525967427902 -5.058119876659217
GF 52 52 -2.4803642435175997 -2.258255496292079
GF 53 52 -6.233082295379297 -5.239956709672225
GF 54 52 -6.012972726329721 -4.950402118912667
GF 55 52 -3.471872285003628 -2.06242738158044
GF 56 52 0.2490717614657123 0.21743711849187036
GF 57 52 -3.402739077379925 -1.87184420526205
GF 58 52 -6.211060740187919 -3.666640306780999
GF 59 52 -8.946986006745018 -4.211424778756069
GF 60 52 -9.970491139127539 -3.942295716245514
GF 61 52 -5.934736216045241 -3.403428481007158
GF 62 52 -6.491313020463067 -3.657059335508906
GF 63 52 -11.1590794212525 -6.5416245160248145
GF 64 52 -11.829755349735736 -5.722289136805489
GF 65 52 -11.417284005972148 -7.209688243865986
GF 66 52 -9.038841816971772 -6.368793603385422
GF 67 52 -8.174612098429575 -5.750215619443418
GF 29 53 0.10971432066289721 0.13655109324317902
GF 30 53 0.07648623075206266 0.24021317079923163
GF 31 53 -0.3353473037117868 -1.365288379533988
GF 34 53 0.08629778472241015 0.36080586522817626
GF 36 53 0.7999814997116724 -1.6086712030228225
GF 39 53 -1.6972513903271071 -2.0301669510928075
GF 42 53 -0.1252155208443517 -0.9767645710567686
GF 43 53 -1.2649025853723255 0.22660749373210448
GF 44 53 -2.883874119607254 -0.6584103810022651
GF 45 53 -6.265315846461409 -1.3435407196157536
GF 46 53 -9.232320703364651 -0.9095497508407435
GF 47 53 -3.368123191098372 0.3398506824548046
GF 48 53 8.066291809082031 3.131523609161377
GF 50 53 -3.3148101806640624 -4.803062534332275
GF 51 53 -5.222096096841942 -4.377917442196301
GF 52 53 -3.435097810258706 -1.8821601947832718
GF 53 53 -4.292581095220608 -2.155628911184135
GF 54 53 -7.374098154733727 -6.105410001937737
GF 55 53 -5.870040382452454 -3.9679300291978334
GF 56 53 -4.581490755081177 0.36254036240279675
GF 57 53 2.155202627182007 -0.5576934814453125
GF 62 53 -11.260692990344545 -6.353016521619776
GF 63 53 -13.152743343721351 -6.623530146322767
GF 64 53 -5.68616977794385 -4.175965503887925
GF 65 53 -8.686817169189453 -3.2221624851226807
GF 39 54 -0.07148341531089195 -2.0598018646240237
GF 40 54 -0.894834996745685 -0.42752881520190955
GF 41 54 0.3196355808257756 -0.2826483114263517
GF 42 54 0.5596398440455757 -0.9634565455572945
GF 43 54 -0.31714314968088886 0.04516791289588851
GF 46 54 -8.142888652489457 -2.6787376916583896
GF 47 54 -8.07972336467095 -1.5456584226710806
GF 48 54 -6.197174005138054 -1.3742697089729656
GF 49 54 -2.700688017020276 -0.5315946055418231
GF 50 54 -1.6672098934650421 -0.4718008761604627
GF 52 54 -3.854472131078899 -1.5633785589174751
GF 53 54 -4.415594534136931 -1.2116766314783578
GF 54 54 -3.5646256162357584 -4.1555354261693225
GF 60 54 0.48019604381019043 0.3546803025528791
GF 61 54 0.5238174702972174 0.3565140347927809
GF 67 54 0.030672801540065357 -0.012650281734707758
GF 29 55 -0.04794536158442497 0.09767899196594954
GF 30 55 -0.1625616577350431 0.08671660571255618
GF 33 55 -1.1198590377515016 -1.0949297632006074
GF 35 55 1.8523647815753237 -1.235602330320922
GF 43 55 -0.5641653537750244 -1.5274377663930256
GF 46 55 1.2021280527114868 -1.5835919380187988
GF 50 55 -4.653716033169367 -1.3054721831022493
GF 51 55 0.6768733098972256 3.803552730041643
GF 52 55 -7.8243076192571825 0.6965591589662626
GF 53 55 -1.8523674507935837 -0.25513329680931435
GF 54 55 -5.2875044873652595 -2.4593206305085293
GF 55 55 -1.921652736432366 -1.6332620610625104
GF 56 55 -8.608302777813329 -6.900316238403318
GF 57 55 -1.9693728778511288 0.6008784317527898
GF 58 55 0.4242619123823685 0.26099559905585545
GF 30 56 0.026441207609841564 -0.0360263793573854
GF 35 56 2.213837335449315 -1.1189478568212932
GF 36 56 1.7676738968049228 -0.5752280922327553
GF 38 56 4.206265774640162 -1.468999873508109
GF 39 56 0.0762815200723708 -0.03529765568673611
GF 41 56 0.9023449150129008 -1.4141763311166033
GF 42 56 0.6238125264644623 -2.2550171613693237
GF 43 56 -1.6499137776735882 0.08293137220726886
GF 52 56 -8.138195471330123 -6.842052286321467
GF 53 56 -2.641002594795137 0.7914144221500959
GF 54 56 -9.982123419295913 -1.3071394701336687
GF 55 56 -0.32564222822455985 -0.34240554658728733
GF 56 56 -6.750072476598952 -3.570032538121772
GF 57 56 -9.121135834016282 -6.245588710433565
GF 58 56 -2.2669102110360804 -1.2665488047427254
GF 39 57 0.04983769988914624 0.016940371986545525
GF 42 57 0.040459559308889524 0.036502253080547754
GF 43 57 -0.0489245079383678 -1.6437894153324017
GF 53 57 -4.68366018931071 -4.4049391746521
GF 54 57 -1.0650111757632759 -0.31336254502336186
GF 55 57 -1.1364825544688806 0.5269931641084192
GF 56 57 -5.0715334470790605 -2.4238570177600325
GF 57 57 -9.02940524585787 -5.963815611216334
GF 58 57 -5.133811482676755 -2.8195506228754907
GF 59 57 -4.278143682479861 -2.1442989684641365
GF 60 57 -7.952291488647461 -4.831402540206909
GF 61 57 6.628133773803711 -1.241167175769806
GF 43 58 -1.8599483321110408 -3.2319308718045554
GF 56 58 -9.710378885269165 -4.362225830554962
GF 57 58 -10.870609090962526 -3.2984989345620606
GF 59 58 -10.44763889312744 -3.8573867797851564
GF 60 58 -5.449811626883114 -3.377059165169211
GFEND
