Resolution 80
GroundSize 136.33333333333334
FrameTime 0.03328888888888889
TotalFrameCount 750
OverallAverageSpeed 0.8960815 OverallAverageSpeedSTD 0.04316971 
SpeedVSDensity
1 0.8731731252466762 0.0014639184246844608
2 0.8253884145935674 0.0011534378205634186
3 0.841153672061771 0.001165279771686966
4 0.8324313095586918 0.0017217227316104645
5 0.8349657139548042 0.003043129499908446
6 0.8734754031072706 0.006097043029351026
7 0.9189662437260017 0.013403314538587948
8 0.9379781996572665 0.02884151794426519
SDEND
