NonAccessibleGrid 
NAGEND
GuidanceField
GF 13 20 -0.36615647623936337 -0.7338184962670008
GF 14 21 0.1545216254889965 -0.31829256378114223
GF 17 21 -0.01747966930270195 -0.15135720372200012
GF 19 21 0.11823245237714473 -0.46758136837078024
GF 20 21 -0.262160491819183 -0.48320778210957843
GF 27 21 -0.7522590368620667 -0.2570641732102711
GF 28 21 -0.824949637425081 -0.4381367770940745
GF 29 21 -0.5213413555142834 -0.5705337896685297
GF 30 21 -1.0858131667084727 -0.7147328909536469
GF 31 21 -0.5305903581714867 -0.4656409609737812
GF 32 21 -0.374158713281975 -0.5865764913044643
GF 16 22 0.29705026745796204 0.1409272402524948
GF 17 22 -0.12639354666074118 -0.013541783050944408
GF 19 22 -0.22011366486549377 -0.42556434869766235
GF 23 22 -0.25385839783332725 -0.14429276329531274
GF 24 22 -0.765439414901028 -0.11472214216466475
GF 25 22 -1.101730786532618 -0.36605877361412514
GF 26 22 -0.9739098108281555 -0.4046151176706531
GF 27 22 -0.04212789140055301 -0.0749602971719233
GF 28 22 -0.4443891465034467 -0.617757895775343
GF 29 22 -0.4271375570385678 -0.370740434048864
GF 30 22 -0.5105513356028197 -0.3863769231267174
GF 31 22 -0.7038508114124241 0.09389341380128015
GF 32 22 -0.916615318846051 -0.21585587476945226
GF 33 22 -0.834699600845657 -0.20185196639116865
GF 34 22 -0.8256361909052432 -0.3209506654769639
GF 35 22 0.021339954601393804 -0.016068370613668646
GF 36 22 -0.04440015492339929 -0.12505772725368539
GF 37 22 -1.107602533933364 -0.01897612201374662
GF 38 22 -1.186329658169715 -0.16037462488315088
GF 39 22 -1.1433176010096249 -0.3611112982438974
GF 40 22 -1.4307621507620318 -0.6455078920995699
GF 42 22 -0.7820870474974309 -0.18646467407544454
GF 43 22 -0.2782876350147644 -0.0659756078286622
GF 45 22 -0.6243087855085433 -0.01181935091583399
GF 46 22 -0.4628075258521112 0.06797032876633476
GF 47 22 -0.04907974600791931 -0.05752668157219887
GF 48 22 0.36604925990104675 -0.24210453033447266
GF 49 22 -0.12778067961335182 -0.14356892680128416
GF 79 22 178.1874852802072 -34.488837705339705
GF 16 23 0.135235412667195 -0.09993616491556168
GF 17 23 -0.026385375715203968 -0.0788648834844169
GF 23 23 -0.517951310873631 -0.0038547015606052205
GF 24 23 -0.6611466732476128 0.16529136705339578
GF 25 23 -0.9529044296946231 -0.3419127925178548
GF 26 23 -1.1644357788737603 -0.37714175067961886
GF 27 23 -1.0352765515884021 -0.291152131323111
GF 28 23 -1.2750500559466655 -0.12066425455908074
GF 29 23 -1.34123779761276 -0.2884722322143344
GF 30 23 -1.239347471214085 0.12509238575231668
GF 31 23 -1.1689196674785471 0.22316489166390646
GF 32 23 -1.4740599134654029 -0.018966689880303114
GF 33 23 -1.3932776350038398 -0.25325399165613693
GF 34 23 -1.1017516747624436 -0.47836982099282915
GF 35 23 -0.971993105315039 -0.3012247749669518
GF 36 23 -0.9225716338692617 -0.3159543694281713
GF 37 23 -0.9833528048123609 -0.33383567467724024
GF 38 23 -1.4889096690602206 -0.09301777033796228
GF 39 23 -0.8915699993701026 -0.08095170446039252
GF 40 23 -1.1273338539560884 -0.40415741312695147
GF 41 23 -0.9510427145655151 -0.6872257276695879
GF 42 23 -0.22246962549367122 0.006307292374267034
GF 43 23 -0.1350073833680461 -0.01215390577690553
GF 44 23 -0.8273115192144646 -0.0843799500090888
GF 45 23 -0.2506823024511964 0.0054411969449002385
GF 46 23 -0.18150216588841855 -0.129760409941033
GF 47 23 -0.29091648554741273 -0.22682284309094153
GF 48 23 -0.22212376758324104 -0.17139617569621488
GF 49 23 -1.1399882551213658 0.13109706216319267
GF 50 23 -0.6252129557260776 0.10048890416083152
GF 51 23 -0.23737370060451024 0.05492946157166706
GF 52 23 -0.21425218362169524 -0.008236986981328407
GF 53 23 -0.13345018981570225 -0.007370695681111298
GF 54 23 0.03156328904931773 0.10688634473067854
GF 55 23 -0.07541198308833617 -0.045609697530215425
GF 56 23 -0.16458038403652608 0.008389006834477186
GF 58 23 0.006060275158075537 -0.08106099848595003
GF 59 23 -0.05083633766820031 -0.020645918347872782
GF 60 23 -0.21378342807292938 0.5100007057189941
GF 62 23 0.24972349405288696 -0.16978260036557913
GF 65 23 -0.23603156208992004 -0.29115936160087585
GF 66 23 -0.4506099571784337 0.8369397272666296
GF 67 23 -0.06757942540571094 -0.09316447749733925
GF 68 23 -0.10477977078408003 0.19238799065351486
GF 72 23 -0.4052089278702624 -0.08288572763558477
GF 73 23 -0.1407868689398817 -0.10046839323882581
GF 74 23 0.007887671417039301 0.10107242923954295
GF 75 23 -0.061223209137096994 -0.10649999536690302
GF 76 23 0.0473021295664904 0.006492887370933951
GF 77 23 0.028363377864783008 -0.010852865929640151
GF 78 23 4.2363912979597025 -1.151448562365899
GF 79 23 32.40018556787969 -8.927231683076855
GF 18 24 0.05632277722047134 -0.029729250479828228
GF 19 24 -0.03567281812429428 0.04053754548658617
GF 20 24 0.0001139715313911438 0.22794288396835327
GF 22 24 -0.7821100621387876 0.07507577590074326
GF 23 24 -0.6483186380905018 -0.07611333914953826
GF 24 24 0.045622527117888285 -0.3057980337653751
GF 25 24 -0.4280441254692732 -0.026521357810532657
GF 26 24 -0.8013830956347278 -0.07417187648635629
GF 27 24 -0.7986971738564698 -0.14618026119309604
GF 28 24 -1.20880432123645 -0.1665063493751605
GF 29 24 -1.4309979947251774 -0.0394056987624643
GF 30 24 -1.5301706146263354 -0.06563757213727305
GF 31 24 -1.4713564324196589 -0.3931638826404481
GF 32 24 -1.362349742164055 -0.6302492048334352
GF 33 24 -0.9157034851612542 -0.7371915428402515
GF 34 24 -0.7098915059062815 -0.5660738298466088
GF 35 24 -0.3945683439392839 -0.39002823036022005
GF 36 24 -0.7787435365597158 -0.3619932413055168
GF 37 24 -1.1580535795684614 -0.25569175182256254
GF 38 24 -1.175694707273117 -0.22847756530292382
GF 39 24 -1.0042198343774666 -0.2143453128033661
GF 40 24 -1.5160127862826314 -0.04742617682522259
GF 41 24 -0.8819253148029691 -0.1418880044641199
GF 42 24 -0.9639825403474251 -0.12947648615208815
GF 43 24 -0.7845904433506833 -0.1127874781331668
GF 44 24 -0.7259190203316076 -0.17403631979828063
GF 45 24 -0.678362471738691 -0.16265579635390148
GF 46 24 -0.9036988537162192 0.005553036150127838
GF 47 24 -0.48858170790862865 -0.08135541320605325
GF 48 24 -0.7909488823398191 -0.1351706529485391
GF 49 24 -1.0349840574498703 -0.15233335982675547
GF 50 24 -0.301363293821956 -0.08024008621282647
GF 51 24 -0.18571207287997193 -0.013859800183079281
GF 52 24 -0.5320733888081343 -0.07843421428967466
GF 53 24 -0.38941705081717487 -0.12945407578917745
GF 54 24 -0.28094574803925315 -0.045328004248613905
GF 55 24 0.012698679665724421 -0.17123596693078677
GF 56 24 -0.0557858066012462 -0.057509964983910304
GF 57 24 -0.11698506275812785 -0.07365001365542412
GF 58 24 -0.0002289719694968439 -0.06948308804040325
GF 59 24 0.058351159807003776 0.1094053318640213
GF 60 24 -0.3262740671634674 -0.11717501282691956
GF 66 24 0.07579720136709511 0.20653114840388298
GF 67 24 0.16926364600658417 -0.271854430437088
GF 72 24 -0.06809355983776706 -0.19866361149719783
GF 73 24 -0.2959223714778605 -0.011122414801755662
GF 74 24 -0.011708867922425268 0.06547374557703733
GF 75 24 -0.06283033440470585 0.009909751093428315
GF 76 24 -0.045848657709959745 -0.02046753586446942
GF 77 24 -0.2034781182190264 -0.09154826227311172
GF 78 24 0.00854693143031537 0.12356031055633838
GF 79 24 -0.3883039074965188 -0.089255026706413
GF 18 25 0.04655198168120663 0.003457048446765946
GF 19 25 0.05695297743220162 -0.058532599395306875
GF 20 25 0.11960582621395588 -0.09307947941124439
GF 21 25 0.022656239569187164 -0.3982332944869995
GF 22 25 -0.5742474643070767 0.025885324227921523
GF 23 25 -0.4341208302720737 0.010265357189266888
GF 24 25 -0.6899513297067844 -0.1305350228079499
GF 25 25 -1.3295871283046405 0.1628153565560872
GF 26 25 -1.2925983372032148 0.29533147478301
GF 27 25 -1.0303161140402106 0.3051449476303586
GF 28 25 -1.0733338609068168 0.3741184889723554
GF 29 25 -0.9356317561014222 -0.04380127262013005
GF 30 25 -1.1610624307497346 -0.11939303721589276
GF 31 25 -1.277351892644411 -0.21321671957849653
GF 32 25 -1.3319217946081967 -0.398021713297259
GF 33 25 -1.302159563558378 -0.33158923602338913
GF 34 25 -1.0256683644971818 -0.403422612703741
GF 35 25 -0.903492277977674 -0.3216262188695404
GF 36 25 -0.6511784857484001 -0.4781326687569234
GF 37 25 -0.045811227082879914 -0.15999301676872243
GF 38 25 -0.00827600447622164 -0.38975102397275524
GF 39 25 -0.7728845054221954 -0.5691418652151133
GF 40 25 -0.9241605881393599 -0.37025535468782605
GF 41 25 -0.8730945930751619 -0.2422468522434431
GF 42 25 -0.19780060001802402 -0.07811948454934857
GF 43 25 -0.3140548543865829 0.04855570578412415
GF 44 25 -0.5297148648097102 -0.1437830445690845
GF 45 25 -0.39857991286748606 -0.1639825178758941
GF 46 25 -0.8794796965825649 -0.445776432624934
GF 47 25 -0.33274901460963335 -0.1699539640135008
GF 48 25 -0.8521699646763466 -0.4938709463016675
GF 49 25 -0.9458154265841345 -0.2859840613843633
GF 50 25 -0.44446936857817376 0.058472990811687685
GF 51 25 -0.1363545372848196 0.005465130851720733
GF 52 25 -0.34814865528360334 -0.11395562169279785
GF 53 25 -0.6990845403722021 -0.1580617805460269
GF 54 25 -0.8448866272165061 -0.36364394869622413
GF 55 25 -0.7757727324067073 -0.46939628325571175
GF 56 25 -0.7497518751539621 -0.6439138755711885
GF 57 25 0.026966256512836975 -0.14957338097420605
GF 58 25 0.09877719598423154 0.03579013387040634
GF 59 25 -0.01762129781756226 0.05970781335153015
GF 60 25 -0.5727453231811523 -0.9167284965515137
GF 62 25 -0.03734523146086948 -0.01433608771979131
GF 63 25 -0.0454421304166317 0.09981473535299301
GF 69 25 0.042621294036507607 -0.2094828113913536
GF 71 25 -0.3370440900325775 1.1900214850902557
GF 72 25 -0.17674042951936522 -0.36292496261497337
GF 73 25 0.05136678835495992 0.08231276983365493
GF 74 25 0.18818665593862532 0.22824487388134002
GF 75 25 -0.08398212419612515 0.1481202519025595
GF 76 25 -0.3110735542580693 -0.013554248338914403
GF 77 25 -0.24153707894423948 -0.10964550901078854
GF 78 25 -0.10519927552634148 0.07752165558272017
GF 79 25 -0.1920660514360048 0.04133848923143311
GF 2 26 -1.5413432518641155 1.1364460190137227
GF 10 26 0.07806839048862457 -0.1280331313610077
GF 19 26 0.02318694768473506 -0.1382351776584983
GF 20 26 -0.993738691382981 0.6454470980906399
GF 21 26 -1.008823164771544 0.2894116390342749
GF 22 26 -0.8511847776980385 -0.01223729427310981
GF 23 26 -1.0029984104371492 0.08396087962092842
GF 24 26 -1.016215690641812 0.2503858099913905
GF 25 26 -1.2978601535284802 0.11986060636528796
GF 26 26 -0.9995472051128276 0.04428721973053164
GF 27 26 -1.0507468217294913 0.19763522955243878
GF 28 26 -1.177311442823224 -0.0674995907613257
GF 29 26 -1.2434634276066165 0.012656469078027787
GF 30 26 -1.3762386544643457 -0.4233829140557037
GF 31 26 -0.8945518628386021 -0.4160825344831284
GF 32 26 -0.6854940472757379 -0.33858229756074854
GF 33 26 -0.5171016881615568 -0.1996223452905772
GF 34 26 -0.7790657291354216 -0.42316402205409015
GF 35 26 -1.0126296966927584 -0.42386784725788057
GF 36 26 -1.0133179219766997 -0.5066511183260658
GF 37 26 -0.8279618696195239 -0.3873418940558067
GF 38 26 -0.6751789599406209 -0.24701062219643669
GF 39 26 -0.9125502407449904 -0.17104509810598081
GF 40 26 -0.7608613444928172 -0.21042091341995822
GF 41 26 -0.20796002057230545 -0.18024880499989845
GF 42 26 -0.5320637488553264 -0.09469610034138884
GF 43 26 -0.5921120913085689 -0.054475602075586306
GF 44 26 -0.3502874875662461 -0.0627222569951116
GF 45 26 -0.462887967267765 -0.19429104206778852
GF 46 26 -0.7008798696153019 -0.3591516383364432
GF 47 26 -0.5650810027883914 -0.33600240554569993
GF 48 26 -0.37048779384845776 -0.19885553191110286
GF 49 26 -0.707098517944791 -0.536211237773898
GF 50 26 -0.13947477652986787 -0.13183760129558275
GF 51 26 -0.0003910452890960551 -0.004601866505806246
GF 52 26 -0.11628050856125319 -0.24657258134500493
GF 53 26 -0.07865114258075664 -0.08114738589671804
GF 54 26 -0.6577088919669369 -0.24200552455802957
GF 55 26 -0.5621337095285204 -0.2272978138473969
GF 56 26 -0.6562606110681899 -0.3756194244048475
GF 57 26 -0.8018231261159501 -0.6818734928804656
GF 58 26 -0.07298018038272858 0.8329241871833801
GF 59 26 -0.14041462815588432 -0.2219508105800266
GF 60 26 -0.012583696711305017 0.12630258685581994
GF 61 26 -0.13195124539118758 0.011476316099130626
GF 62 26 0.021639959194907864 0.01370985786188094
GF 63 26 0.1256011813879013 0.05873377351090312
GF 67 26 -0.16720560317238173 -0.33617517352104187
GF 68 26 -0.3186545047376837 0.14250613961900985
GF 70 26 -0.06666992356379826 -0.1608786111076673
GF 71 26 0.04762038722401485 0.175692617893219
GF 72 26 -0.005178233874695641 -0.04843205479638917
GF 73 26 0.06057051382958889 -0.05207023977373655
GF 74 26 0.03851184955177208 -0.11760930716991425
GF 75 26 0.06505065486103724 0.0808595496480568
GF 76 26 -0.2888631820678711 -0.08509360253810883
GF 77 26 -0.1545529207732114 0.013970313412654747
GF 78 26 -0.11191556947699524 0.02850634500898398
GF 79 26 -0.31591039922167763 -0.14202814089830626
GF 12 27 -0.016332190483808517 0.36438319087028503
GF 20 27 -0.920929314821474 0.5039723795097857
GF 21 27 -1.079632293687435 0.1125642536648139
GF 22 27 -1.2922690937626256 0.03147684693564352
GF 23 27 -1.3289277080262472 -0.019774016835926504
GF 24 27 -0.9510907349833189 -0.05145364834973985
GF 25 27 -0.47802783897570217 -0.15379071456376334
GF 26 27 -0.551880060056359 -0.040734992651644326
GF 27 27 -0.7395606502364306 0.15403985051957003
GF 28 27 -1.2708693386427588 0.1554452974510657
GF 29 27 -1.6448873067599157 -0.14749620282397305
GF 30 27 -1.3805150170802252 -0.1840958674461009
GF 31 27 -1.1957690909723895 -0.2286498891202342
GF 32 27 -0.9185301548733086 -0.1456416289973861
GF 33 27 -0.9136301810298018 -0.29562205286095355
GF 34 27 -0.611801941283926 -0.38840695864375124
GF 35 27 -0.4852367890908192 -0.45746768377970803
GF 36 27 -0.6706145670690217 -0.16125327410997667
GF 37 27 -1.0801227659233932 -0.36518086737932315
GF 38 27 -1.208275580780601 -0.41122708346854875
GF 39 27 -1.256447370968002 -0.25356260728953334
GF 40 27 -1.1515848825477535 -0.27617282198666393
GF 41 27 -1.0194931432513947 -0.258943723901863
GF 42 27 -0.9690182498681059 -0.17916200558157155
GF 43 27 -0.809305582162578 -0.1359502810920888
GF 44 27 -0.2605969496045424 -0.015002340081706653
GF 45 27 -0.3553958187576648 -0.050498024606935435
GF 46 27 -0.6840665505723358 -0.4448222218132599
GF 47 27 -0.8433666862836253 -0.4422591542601714
GF 48 27 -0.7890528209053689 -0.4249485760038787
GF 49 27 -0.9479858391917739 -0.4002767394285662
GF 50 27 -0.8215422226929234 -0.7602087566567804
GF 51 27 -0.8760199591425727 -0.4624706649977947
GF 52 27 -0.6580569889823422 -0.4495928416367626
GF 53 27 -0.62473271968185 -0.5083039136682668
GF 54 27 -0.1536294827025437 -0.172060819566893
GF 55 27 -0.39583311872556803 -0.26746956499603886
GF 56 27 -0.48383303105831155 -0.3949870736151934
GF 57 27 -0.6008782418951664 -0.6616817943196619
GF 58 27 -0.5259169947250555 -0.6368257733876087
GF 59 27 -1.8803061272271657 -1.4633839238773694
GF 60 27 0.09182714944084486 0.08281227375070253
GF 61 27 0.1323813110745201 0.16640628100140026
GF 62 27 0.08430627962883987 0.07122235368953815
GF 63 27 -0.018783834669739007 -0.033156199008226396
GF 68 27 -0.128439050167799 0.12736413876215616
GF 69 27 0.028124459087848663 0.13540639549804231
GF 70 27 -0.09295946918427944 -0.10301107354462147
GF 72 27 -0.46524306428101325 0.08051406426562203
GF 73 27 -0.07321519154885953 0.04624116657809778
GF 74 27 -0.25124690149222384 -0.16257165882574479
GF 75 27 -0.07698424967626731 0.0022986611085278647
GF 76 27 -0.1510149705254229 0.1249036357261329
GF 78 27 0.020343301920220255 0.02944436214864254
GF 79 27 -0.2839868390863692 -0.33175524099971415
GF 12 28 -0.10334151238203049 -0.14151695370674133
GF 17 28 -0.19170736397306123 -0.08333934471011162
GF 20 28 -0.5295574870654435 0.13463959806050918
GF 21 28 -1.0945668669014454 0.22206225196078597
GF 22 28 -1.246496233968247 -0.08782730289074155
GF 23 28 -1.1465577004797667 -0.13674008800182633
GF 24 28 -1.3097992409704327 -0.2696611419956404
GF 25 28 -1.1097987093763872 -0.025895967252531106
GF 26 28 -1.3136459227089092 0.10913190523353321
GF 27 28 -1.5676309756825 0.20400474033745697
GF 28 28 -1.6707157254860205 -0.040000546135668336
GF 29 28 -1.489937361024848 -0.26795256529892136
GF 30 28 -1.2613749265729428 -0.2282044533754447
GF 31 28 -1.115954015797707 0.21663865866158502
GF 32 28 -0.8532526593125092 0.007175745109492298
GF 33 28 -0.8094871839325696 -0.1824589752764645
GF 34 28 -0.9546518164057405 -0.398381215437016
GF 35 28 -0.9999994999961918 -0.45739390830962057
GF 36 28 -0.9736259986985183 -0.28312077530473073
GF 37 28 -0.9452183331390994 0.015423402309845081
GF 38 28 -1.0127359028934606 -0.23146360060508317
GF 39 28 -1.0158329813175764 -0.33849787508852985
GF 40 28 -0.7775033309476663 -0.2740644970553372
GF 41 28 -0.8658494397181773 -0.30442484707620365
GF 42 28 -1.0064590160133575 -0.42004411664298347
GF 43 28 -0.938702663003804 -0.17166269330751732
GF 44 28 -0.8696370263062124 -0.18213740285472915
GF 45 28 -0.8835267347452208 -0.1737303696205731
GF 46 28 -0.8803953600672397 -0.2159933427972157
GF 47 28 -0.7346999198465674 -0.33490468318939215
GF 48 28 -0.6724368379770514 -0.2662206228278455
GF 49 28 -0.8167618887207849 -0.5842495278081947
GF 50 28 -0.7310150884213927 -0.7200785318379386
GF 51 28 -1.106289399048641 -0.6876301111450179
GF 52 28 -1.3262719693548826 -0.4536036089123698
GF 53 28 -0.8930797729802841 -0.4381320114084079
GF 54 28 -0.5284160266761279 -0.16884104231789002
GF 55 28 -0.45548203312305213 -0.20038937892956923
GF 56 28 -0.13722829893231392 -0.06700173020362854
GF 57 28 -0.3318017641791985 -0.4587950250023002
GF 58 28 -0.6058045519247853 -0.6827222065667999
GF 59 28 -0.764157832134515 -0.587141654570587
GF 60 28 0.16498639782809693 0.08704627796491278
GF 61 28 0.2647421155124903 0.25174803100526333
GF 62 28 0.02937239581639109 0.08381881756144491
GF 63 28 -0.07728696728665982 -0.08753513459176306
GF 64 28 0.035939215762274594 0.2359705221307065
GF 72 28 0.14854347705841064 0.09426907449960709
GF 73 28 0.15126678347587585 -0.324760377407074
GF 74 28 -0.18542025983333588 -0.11755191162228584
GF 75 28 0.18741991370916367 -0.13893724232912064
GF 76 28 -0.2625070739537477 -0.10263807624578476
GF 77 28 -0.13179885782301426 0.053695643320679665
GF 78 28 -0.07191001872221629 -0.08735812703768413
GF 79 28 -0.26576560854234477 -0.0002600273794748566
GF 13 29 0.08644543588161469 0.030196471139788628
GF 16 29 -0.28420180820726915 0.31814869156473186
GF 17 29 -0.9629438778393955 -0.07847426886505943
GF 18 29 -1.2408346078979475 0.32243260504522675
GF 19 29 -1.0248671853171538 0.292359406153667
GF 20 29 -0.7756391186543815 0.21043956833121505
GF 21 29 -1.2317748740606014 0.08511530084078883
GF 22 29 -0.35941688796990284 -0.06931767162612784
GF 23 29 -0.6295027479308402 -0.23098130536293998
GF 24 29 -1.1629356060205944 -0.07224207879384156
GF 25 29 -0.7125690687798523 -0.1911403918163946
GF 26 29 -1.1982946077690264 -0.444568702613164
GF 27 29 -1.645001102836873 -0.3299662735006049
GF 28 29 -1.7886922031641002 -0.2977352525011222
GF 29 29 -0.6298144622977617 0.5993642703746141
GF 30 29 -0.9273634553418625 0.15388784109662362
GF 31 29 -0.8223522717469046 0.06770458633518063
GF 32 29 -0.45300273349316866 -0.010340953508218155
GF 33 29 -0.2906928636127189 -0.10943760036152607
GF 34 29 -0.583944444207849 -0.17522153384056563
GF 35 29 -0.8180156080125722 -0.5258204543368766
GF 36 29 -1.0781421012682455 -0.4901565266558471
GF 37 29 -1.0783891549252551 -0.44869947583821035
GF 38 29 -0.877501880887071 -0.19377886556285437
GF 39 29 -0.9696265293691047 -0.0032854466887388043
GF 40 29 -0.8652168850694928 -0.2585238436561041
GF 41 29 -0.9059362799944133 -0.19426625618687696
GF 42 29 -0.8699350125814994 -0.23769847959401683
GF 43 29 -0.9657371627806547 -0.4124719446026371
GF 44 29 -0.9363519370239258 -0.18878046226298903
GF 45 29 -0.8270777858677646 -0.27091282388642124
GF 46 29 -0.9812122744626142 -0.2446676923973575
GF 47 29 -1.0376451064104184 -0.34995837429955523
GF 48 29 -1.2183162314773892 -0.5487902988370548
GF 49 29 -1.2328957138605372 -0.6898928894300607
GF 50 29 -1.1953537747979919 -0.6503004037017744
GF 51 29 -1.030400202454983 -0.5838682056243747
GF 52 29 -1.1149238818194558 -0.42314958719266876
GF 53 29 -0.9983340289758805 -0.41459581937492623
GF 54 29 -0.6091508087942377 -0.21168011622835167
GF 55 29 -0.8326093646080612 -0.47890374802142466
GF 56 29 -0.7969624188450877 -0.3444555804725707
GF 57 29 -0.7817579325267363 -0.25369162191583955
GF 58 29 -1.171060205499331 -0.8100466261307399
GF 59 29 -0.8862318370497075 -0.4920742089877612
GF 60 29 0.08287189900875092 0.12117167562246323
GF 62 29 -0.09515049827418155 0.10915331023612193
GF 63 29 -0.07448091700286373 -0.012857516272530213
GF 64 29 0.027740316534850824 0.08775677008831755
GF 65 29 0.09918327411440642 0.0791465110684696
GF 75 29 -0.12240937352180481 0.26514050364494324
GF 76 29 -0.1975502436980605 -0.06685910455416888
GF 77 29 -0.31234298795461657 0.10563501082360745
GF 78 29 0.01564391925057862 0.0821215715695871
GF 13 30 -1.2847530047098796 -0.10182047262787819
GF 14 30 -0.012909838929772377 0.25534334406256676
GF 15 30 0.058992156335576015 -0.19538269818506457
GF 16 30 -0.5350141964401262 -0.09767218325004891
GF 17 30 -0.17113391749671997 -0.2463905592099355
GF 18 30 -0.7969499389427196 -0.3011604975081649
GF 19 30 -0.9618556284268179 -0.004836282102924318
GF 20 30 -1.0590366246455016 -0.33450396063884874
GF 21 30 -0.79762364505644 -0.4378792135286256
GF 22 30 -0.7678514808182607 -0.343246393344187
GF 23 30 -0.6752932748690537 -0.3669682544487365
GF 24 30 -0.3982519346343776 0.08852692247746788
GF 25 30 -1.3323259991862857 -0.008663343596289818
GF 26 30 -1.5841937794846317 -0.09868510566346321
GF 27 30 -1.7114267956379354 -0.26696359313160073
GF 28 30 -1.437617927429008 -0.1526141057794549
GF 29 30 -1.2679746567389487 -0.09528780552921146
GF 30 30 -1.1658687163923287 -0.07020082429594508
GF 31 30 -0.8220110923382884 -0.16800187785398854
GF 32 30 -0.3587844010784853 -0.057091826957703
GF 33 30 -0.3843899889383764 0.15534583713118952
GF 34 30 -0.6451781790554494 0.016119251217694464
GF 35 30 -0.8890892662073846 -0.19240437160315416
GF 36 30 -1.0946200067257217 -0.4419771295998028
GF 37 30 -1.0923749069350923 -0.45242097914214935
GF 38 30 -0.8973680031473024 -0.20038475468391953
GF 39 30 -0.9106908591931306 0.0986365551516587
GF 40 30 -0.8099800454522454 -0.33747429423917624
GF 41 30 -0.6887493171732332 -0.5002537484699869
GF 42 30 -0.8838639374138924 -0.3751116019905289
GF 43 30 -0.7309673865851921 -0.596505124852063
GF 44 30 -0.8065128141025923 -0.3822393218812656
GF 45 30 -0.6003964641914025 -0.013245298757433419
GF 46 30 -0.830047255205372 -0.3690332116421924
GF 47 30 -1.131184781932054 -0.481677652436384
GF 48 30 -1.006374358441762 -0.5523361252960161
GF 49 30 -0.9742913048688933 -0.6001902955822469
GF 50 30 -1.1014179273064368 -0.6516931222713547
GF 51 30 -1.1878259567137184 -0.6078884737053617
GF 52 30 -1.1855904614789305 -0.5181966497296668
GF 53 30 -1.2233946504246167 -0.5337955302028973
GF 54 30 -0.4018162067927431 -0.1576584557761954
GF 55 30 -0.07407435540161611 -0.06655449597908752
GF 56 30 -0.008721306953838619 -0.007735082207966915
GF 57 30 -0.3887922982711241 -0.023221156519590832
GF 58 30 -0.5331847121930106 -0.4161212757820835
GF 59 30 0.11376950393120448 0.05926515550042192
GF 60 30 0.06170448809862137 0.13839938677847383
GF 61 30 0.07194183576142504 0.1314577976951287
GF 62 30 0.09146332565654555 0.12822348369366446
GF 63 30 -0.00018441939443748976 0.08041201345622542
GF 64 30 -0.013614938594400883 0.13798548839986324
GF 65 30 -0.13354851305484772 -0.2425544261932373
GF 70 30 0.34144573907057446 0.3365430732568105
GF 73 30 -0.12404325739903883 -0.10246310019018975
GF 74 30 -0.060058798524551094 0.0640331287868321
GF 75 30 0.19572782889008522 0.04447665170300752
GF 76 30 0.03658113077593347 0.0683916120712335
GF 78 30 0.06432490050792694 0.25907978415489197
GF 8 31 -1.588034600019455 -0.2535462658852339
GF 9 31 -0.7642830312252045 -0.0024851560592651367
GF 10 31 -0.18713583052158356 0.09461803734302521
GF 11 31 -0.3279175071145161 0.05304141650021512
GF 15 31 -0.013928962871432304 0.12240692228078842
GF 16 31 0.050169469440676365 0.020126671838243633
GF 17 31 0.1549789076157014 -1.5632541961626172
GF 19 31 -0.30667275935411453 -0.2619221856196721
GF 20 31 0.03451241881010078 -0.24916381144984848
GF 21 31 -0.7864135973270808 -0.448351258578533
GF 22 31 -0.5270687914284196 -0.2727242496081006
GF 23 31 -0.8116568454802477 -0.09226558281601957
GF 24 31 -0.7007291721047348 -0.13057303667079692
GF 25 31 -1.336885335673528 -0.20504321890331237
GF 26 31 -0.8512748297340439 0.30605998895518804
GF 27 31 -1.1621245350504643 -0.6058584810266815
GF 28 31 -1.0449354207378083 -0.5380556813901802
GF 29 31 -1.0646800791096058 -0.34219292492713066
GF 30 31 -0.7325031654800588 -0.43391023854093286
GF 31 31 -0.7186704570300076 -0.19118414819443413
GF 32 31 -0.5374582703781496 0.04796404101859579
GF 33 31 -0.7886626370986832 0.1815981914224141
GF 34 31 -0.893438141922484 0.13163189403240744
GF 35 31 -0.8350204109965816 -0.01476309283152474
GF 36 31 -0.9184651546936583 -0.1890728895983489
GF 37 31 -0.9399339826050295 -0.28482838553069356
GF 38 31 -0.8076318393416966 -0.5040377517942831
GF 39 31 -0.7561806164631937 -0.33655511282931166
GF 40 31 -0.7026078323111311 -0.09795356558483387
GF 41 31 -0.6810236854399848 -0.3724841672062603
GF 42 31 -0.6586471140154511 -0.27916551122554223
GF 43 31 -0.6880568347046639 -0.3482801838954935
GF 44 31 -0.7805172508618127 -0.5306986558494174
GF 45 31 -0.7545716601287628 -0.3111542608102856
GF 46 31 -0.4762272088436017 -0.13132200629826618
GF 47 31 -0.5322945194097186 -0.38153277665642904
GF 48 31 -0.30788401624683076 -0.20768496198899053
GF 49 31 -0.9859902744799319 -0.6222053226956239
GF 50 31 -0.9724345848810408 -0.5767310800357768
GF 51 31 -1.0682762777837682 -0.7394776659830608
GF 52 31 -1.2656710151985275 -0.5208732950941771
GF 53 31 -1.1887679560738618 -0.5216637521526978
GF 54 31 -1.1002973111428673 -0.43032707264679376
GF 55 31 -0.9773314807574567 -0.25788724298889487
GF 56 31 -0.161669708234628 0.0919977265473389
GF 57 31 -0.3023404700507761 0.0024561396815618725
GF 58 31 -0.951796728222875 -0.3082476059452358
GF 59 31 -0.19713630151724632 -0.3113894355633565
GF 60 31 0.030496929772198207 -0.08107081800699234
GF 61 31 -0.19857709109783173 0.03952065482735634
GF 62 31 -0.038164645769736834 0.013568392172197092
GF 63 31 0.11382491514086723 0.2231937199831009
GF 73 31 -0.10148331816789918 0.09865908791985491
GF 74 31 0.07768979600606192 0.07575527532026172
GF 3 32 -0.8473480897290365 -0.3064517096749374
GF 5 32 -0.16803856687620283 0.009854208379983905
GF 8 32 -2.144277572631836 -0.46501314640045166
GF 10 32 -1.4797327982691624 0.04254645152160755
GF 11 32 -0.6626587471126447 -0.015248247472170243
GF 15 32 0.030878235923592002 -0.051038637378951535
GF 16 32 0.11693697433552848 -0.22095760744234333
GF 17 32 -0.27714216215284876 -0.9417140266638919
GF 19 32 -0.659832275658846 -0.10010270720813426
GF 20 32 -0.7768973520776937 0.19571587238803229
GF 21 32 -0.4908938338347818 -0.019541663387360082
GF 22 32 -0.6369052165758012 -0.06648666226409075
GF 23 32 -1.2103411508268755 -0.17037228932675066
GF 24 32 -0.9603345867769334 -0.3510342279551635
GF 25 32 -1.195398658934132 -0.42664949679486097
GF 26 32 -1.2102254043572727 -0.6168495289498804
GF 27 32 -0.8898877930314706 -0.29156427175318433
GF 28 32 -1.0225401980607844 -0.03238252664048968
GF 29 32 -0.9082376242971814 -0.21940305800851947
GF 30 32 -1.00535219264987 0.12340268237436848
GF 31 32 -0.9797263276579499 0.07888867864349106
GF 32 32 -0.9220051640007697 0.30792951656552464
GF 33 32 -0.9886664976768931 0.44420692081535196
GF 34 32 -0.6237024878274784 0.20792200906056565
GF 35 32 -0.5446212171270741 -0.23872403046331106
GF 36 32 -0.4915165371501985 -0.37129399843282884
GF 37 32 -0.3888113562400066 -0.07071096869062005
GF 38 32 -0.6007912202971497 -0.2968552022816371
GF 39 32 -0.7986370873444278 -0.40871932466538613
GF 40 32 -0.8377351977813475 -0.3214458868662305
GF 41 32 -0.871893403655121 -0.11570934039036301
GF 42 32 -0.8799237964218897 -0.4143789004563005
GF 43 32 -0.9001453373485594 -0.34380861948074787
GF 44 32 -1.0011423580353078 -0.32365649512876915
GF 45 32 -1.0205751948516646 -0.4248919830335625
GF 46 32 -1.048995241280385 -0.27287235925068987
GF 47 32 -0.964652869903417 -0.2480617321828304
GF 48 32 -0.914828429027528 -0.4073396153171401
GF 49 32 -0.658473427684056 -0.2495403173719997
GF 50 32 -0.253536171168035 -0.23026361456774116
GF 51 32 -0.9435264233986845 -0.7811356080525756
GF 52 32 -1.0001960639855676 -0.688061795749414
GF 53 32 -0.24397851890395675 -0.1480004175587412
GF 54 32 -0.48045638495550536 -0.10941299177141788
GF 55 32 -0.28861862020616347 -0.09541813050914598
GF 56 32 -0.33801479791362826 -0.29499663541267973
GF 57 32 -0.1179687231663069 -0.16270569684758404
GF 66 32 -0.065721046179533 0.06977859511971474
GF 70 32 0.2080213576555252 0.2706589698791504
GF 71 32 0.1534852348268032 0.09383981674909592
GF 72 32 0.048781889678060034 0.07814621127655973
GF 73 32 -0.2383372075855732 0.3043700084090233
GF 3 33 -1.1313884230330586 -2.8775906786322594
GF 4 33 -0.44017104759451847 0.16344010730784747
GF 5 33 -0.07402485401297991 -0.29674080873911196
GF 11 33 -0.0493213286002477 0.060579496125380196
GF 13 33 -0.32486799359321594 0.2564271092414856
GF 15 33 -0.04335698919991652 0.05712356852988402
GF 16 33 0.07276326847372383 -0.11386771479639987
GF 17 33 0.061448487068850886 -0.2294841957873756
GF 18 33 -0.5509806549718073 -0.26555127628934555
GF 19 33 -1.1863653445439506 -0.3544982859004239
GF 20 33 -0.5142520020152297 -0.039975362693874444
GF 21 33 -0.341479625529781 0.047312345919742864
GF 22 33 -0.4511232442593133 -0.33928931068589874
GF 23 33 -0.9807859919137425 -0.13204066678053797
GF 24 33 -1.1898449879817194 -0.303421021801425
GF 25 33 -1.1478954649378121 -0.382001185999248
GF 26 33 -1.137999965994398 -0.3436121076416227
GF 27 33 -1.1684845630320317 -0.053522644754522015
GF 28 33 -0.9483896760584621 -0.06874318897410274
GF 29 33 -0.9829665058949304 -0.053650617988473225
GF 30 33 -1.0041317517087691 -0.08367411126311018
GF 31 33 -1.076915162271013 0.10762200413580285
GF 32 33 -0.6000864815214162 0.02267999883131355
GF 33 33 -0.5650953091186715 0.06849102259681991
GF 34 33 -0.4165308963944449 -0.10171948562858948
GF 35 33 -0.5043815049707379 0.06449189632095143
GF 36 33 -0.367378110828907 -0.032403586360673996
GF 37 33 -0.39988978423152016 -0.06784285601692187
GF 38 33 -0.5631644945731575 0.015785288922411142
GF 39 33 -0.6486408764270225 -0.2643220239994874
GF 40 33 -0.8432320329169012 -0.4319711527986201
GF 41 33 -0.9533568270239082 -0.397686812438766
GF 42 33 -1.018631759592283 -0.2863228906864496
GF 43 33 -1.0350504031079992 -0.3677070811381402
GF 44 33 -0.9769405765212184 -0.3900480472225685
GF 45 33 -0.9018391368899078 -0.37622483773500587
GF 46 33 -0.8058852751453884 -0.34259045316868153
GF 47 33 -0.8461512822839734 -0.3416394320957484
GF 48 33 -0.39162026180212356 -0.22382486069672822
GF 49 33 -0.8966775124644011 -0.44139545793834006
GF 50 33 -1.0342015984533806 -0.40378515051840286
GF 51 33 -1.1100745614865084 -0.3950549836834508
GF 52 33 -0.784736364372495 -0.39394424263541844
GF 53 33 -0.6570612391908772 -0.3892815994589417
GF 54 33 -0.42253052460447643 -0.21788447407576456
GF 55 33 -0.48274063385827337 -0.3026362343778368
GF 56 33 -0.09220323046276421 -0.12272106072672131
GF 57 33 -0.6430986232188385 -0.38274039616473343
GF 58 33 -1.0226927723804498 -0.4487903137069257
GF 59 33 -1.4332139889399211 -0.796111543973287
GF 64 33 0.04303467064940682 -0.08235787069036934
GF 65 33 0.052783593030351315 -0.006361628987427398
GF 66 33 0.02169694780519314 0.024638562993084857
GF 67 33 -0.32295667016878726 0.12343960460275412
GF 70 33 -0.6496812343597412 0.13882315014488994
GF 72 33 0.030777427014864755 0.09862755336836276
GF 78 33 0.07454241265452677 -0.01667109060461723
GF 2 34 -1.4643416628241541 -0.04145787004381417
GF 3 34 -0.5824757942464203 -0.2533551584929228
GF 4 34 -0.3562777111364201 -0.3902719685780619
GF 5 34 -0.10237032687291503 -0.36970514710992575
GF 16 34 0.013097271172608909 0.027668099664529894
GF 17 34 0.020870067208416124 -0.03984037599190157
GF 18 34 -0.08658650297249049 -0.04501214048991625
GF 19 34 -0.6049732367693176 -0.5278316658919826
GF 20 34 -1.4248235062965988 -0.6910040390493277
GF 21 34 -1.5250293783671445 -0.2667385364876734
GF 22 34 -1.654896406663006 -0.3519914041252428
GF 23 34 -1.3348217024704327 -0.34845125440289054
GF 24 34 -1.2356217144394468 -0.25174137481457753
GF 25 34 -0.9708758149580411 -0.68934206480107
GF 26 34 -0.554620961125719 -0.22461081462025892
GF 27 34 -1.0647812085322468 -0.2993574741761408
GF 28 34 -0.9396426766923194 -0.1906555855823935
GF 29 34 -0.9912567283844199 -0.12445989967317524
GF 30 34 -1.1109317180871796 -0.003533278109943836
GF 31 34 -1.1269379732309845 0.06595707959715165
GF 32 34 -1.0858555568692052 -0.1018228355748069
GF 33 34 -1.0403892499106289 0.06349787758352629
GF 34 34 -0.7986730799462896 -0.04667851536478246
GF 35 34 -0.6148326552837129 -0.02603075054571087
GF 36 34 -0.43567356497282583 -0.03404729303007582
GF 37 34 -0.45586428280782615 0.014764736210797979
GF 38 34 -0.532642833497403 -0.08757895491391571
GF 39 34 -0.5535342022801655 0.012652526525881662
GF 40 34 -0.7259193911060501 -0.18672397839758043
GF 41 34 -0.8515110089410648 -0.30208385542521
GF 42 34 -0.994260203179064 -0.39023819952593547
GF 43 34 -1.0340259846094255 -0.4463154179796125
GF 44 34 -1.0363577715686305 -0.45268935532786564
GF 45 34 -0.9520282121983006 -0.539067426025572
GF 46 34 -0.4613930778558066 -0.25119412629816784
GF 47 34 -0.6986152546615181 -0.23298821565097985
GF 48 34 -0.522731390752311 -0.2168542223110785
GF 49 34 -0.7723135650294036 -0.21355091799220968
GF 50 34 -0.8331258069866817 -0.19547816541777713
GF 51 34 -0.8160963624462036 -0.3116282877214076
GF 52 34 -0.6217022444653822 -0.23280114731994747
GF 53 34 -0.7419236030480394 -0.19305591797518115
GF 54 34 -0.8886287653253218 -0.3179512839944999
GF 55 34 -0.9045965429393373 -0.42179831029238907
GF 56 34 -1.0413851003109387 -0.2658119024154619
GF 57 34 -1.0879590785279283 -0.1536259256855514
GF 58 34 -0.9334783524763831 -0.23627440314355339
GF 59 34 -1.1941854476118385 -0.6765307488758389
GF 60 34 -1.0981739163398743 -0.7979605793952942
GF 66 34 -0.04996243546492232 0.09323668263485312
GF 67 34 0.03931088726587442 0.22675852948913747
GF 70 34 -0.029977304860949516 0.0698736160993576
GF 71 34 0.011134970933198929 0.006377902813255787
GF 72 34 0.08508667429643017 0.0750663761116032
GF 79 34 -0.2196953296661377 -0.652477502822876
GF 3 35 -0.22227772366669443 -0.38461324751929
GF 4 35 -0.33877991833363097 -0.42669205540649435
GF 5 35 -0.3597421566681391 0.026140830310500598
GF 15 35 0.028223952278494835 -0.22443465888500214
GF 16 35 0.017630418929749463 -0.015013798482823594
GF 17 35 -0.014885819073387303 -0.06708061271696197
GF 18 35 -0.47561040460385606 -0.42217183723216767
GF 19 35 -0.5525917305398133 -1.4241182096671994
GF 20 35 -0.19263384387716673 -0.10905872092940003
GF 21 35 -1.056005949084936 -0.324863603673515
GF 22 35 -1.47090807727458 -0.10918299483786034
GF 23 35 -0.501122304375583 0.07081028949879571
GF 24 35 -1.3878950271658825 -0.2409826446404657
GF 25 35 -1.1284241890406246 -0.26928914105460844
GF 26 35 -1.1515885317816024 -0.041075502228200535
GF 27 35 -0.8989808262307744 0.02470517714119656
GF 28 35 -0.8551533787829969 0.03015517262118959
GF 29 35 -0.9547825144086943 0.18249902903558787
GF 30 35 -0.9043122053035556 -0.04260621890927912
GF 31 35 -0.7652875378088221 -0.08859420415009567
GF 32 35 -0.5061241619507733 -0.14580850210108984
GF 33 35 -0.4538458513577325 -0.1454396514338316
GF 34 35 -0.6146975982026384 -0.0679390534435686
GF 35 35 -0.44681473435782026 -0.09694069088073826
GF 36 35 -0.43333162447662515 0.04621120338887965
GF 37 35 -0.206612350651389 0.004885902303147068
GF 38 35 -0.14317541760393718 0.005861401850932314
GF 39 35 -0.1868365227886816 -0.006705263617624403
GF 40 35 -0.42139790297245444 -0.12481209071817509
GF 41 35 -0.5811427525802176 -0.17906848478524054
GF 42 35 -0.836221869556808 -0.29664739620525865
GF 43 35 -0.8690649606953309 -0.41520996197315374
GF 44 35 -0.9806097870375249 -0.5048533127508203
GF 45 35 -0.9343218900892529 -0.35812485243191944
GF 46 35 -1.0239747802322694 -0.45185076965554044
GF 47 35 -1.064408871069841 -0.3443865542129394
GF 48 35 -1.0026440731432071 -0.32510971056105925
GF 49 35 -0.882350843450475 -0.21704261839167596
GF 50 35 -0.48646633653563653 -0.08018049382877332
GF 51 35 -0.29063540702044877 -0.10132071070768986
GF 52 35 -0.5874789246964969 -0.21915995295002771
GF 53 35 -0.8682928728938718 -0.2914582788688392
GF 54 35 -0.9115131497761351 -0.14579624721771609
GF 55 35 -0.9958799338328614 -0.21371579289477874
GF 56 35 -0.9320280871249865 -0.32259603713695156
GF 57 35 -1.0920471667430274 -0.40371202520540583
GF 58 35 -1.1516722639439145 -0.38751910586914323
GF 59 35 -1.5165433883666992 -0.37541502714157104
GF 66 35 0.03239974230527877 0.1719424031674862
GF 67 35 0.14499875903129578 -0.01828362257219851
GF 71 35 -0.07367320621519216 0.04132686954523836
GF 72 35 0.03908550708244244 -0.04566112683997268
GF 73 35 0.02953739410804701 0.22270172292535956
GF 78 35 -0.48108190298080444 0.27189601957798004
GF 2 36 -1.5232364237308502 0.9700558111071587
GF 4 36 -0.4221381074684257 0.05020028437246326
GF 5 36 -0.2601486539017018 -0.06004366327794168
GF 16 36 0.00783276829558114 -0.09928499953821301
GF 17 36 -0.02959179908189422 0.0246821463757302
GF 18 36 -0.8572236742290108 -0.5860533190333266
GF 19 36 -1.3404338621749874 -1.0759702163444937
GF 20 36 -1.9546549629987675 -1.061552351236366
GF 21 36 -2.0313565655109955 -0.08331740435348287
GF 22 36 -1.2481796505687 0.020425209100503824
GF 23 36 -1.1091032686931588 -0.03389343823763862
GF 24 36 -1.0824314432587148 0.050969995426497716
GF 25 36 -1.0168185620650756 0.32288870960071414
GF 26 36 -1.2871357014088718 -0.3072013499763053
GF 27 36 -1.2501513835150408 -0.18656215880772756
GF 28 36 -1.244555737531379 -0.10901484284951991
GF 29 36 -1.2376676111643121 -0.07454850261707532
GF 30 36 -1.021528858780649 -0.11280641054839405
GF 31 36 -0.9098015913092877 -0.23532840213113254
GF 32 36 -1.0300183168082626 -0.3514323506891132
GF 33 36 -0.8271476739947132 -0.17060660029308075
GF 34 36 -0.688948030624849 0.013924531294709332
GF 35 36 -0.6948524963314733 0.16024703093695564
GF 36 36 -0.7129644465094677 -0.047426509311601785
GF 37 36 -0.5805174548164622 -0.14550543408247898
GF 38 36 -0.7054146222478674 0.02886038937222372
GF 39 36 -0.7230544777434805 0.01566495405840587
GF 40 36 -0.6098568830295518 0.009997735266400222
GF 41 36 -0.4048531514400378 -0.01053612500577204
GF 42 36 -0.3450280641293849 -0.07683519826578154
GF 43 36 -0.7230664242327579 -0.35069465002400546
GF 44 36 -0.7927516578470224 -0.5728130085335894
GF 45 36 -0.49337562615769387 -0.3479021042881085
GF 46 36 -0.5558914954939911 -0.43500035066945075
GF 47 36 -0.6574268623807102 -0.48457168012928004
GF 48 36 -0.6222742356749893 -0.23912082031263973
GF 49 36 -0.707178095962901 -0.2137984910663983
GF 50 36 -0.6977737973534789 -0.15478802896991778
GF 51 36 -0.6673212761542571 -0.08429900896339237
GF 52 36 -0.8338618101924495 -0.2873595642167805
GF 53 36 -0.907188324464212 -0.2933722615795576
GF 54 36 -0.9340373142054482 -0.17463087815811087
GF 55 36 -0.7277046919817098 -0.026250521486910743
GF 56 36 -1.0549548257853045 -0.20770082763111694
GF 57 36 -1.1738145633170893 -0.3524125710079774
GF 58 36 -1.185451965822439 -0.3215696710959646
GF 59 36 -1.0977706659459474 -0.564155732061777
GF 60 36 0.055359333753585815 0.2605178877711296
GF 68 36 0.08243742694299831 0.06385006239192921
GF 69 36 0.007067581830563479 0.05234269581930596
GF 70 36 0.026902208104729652 -0.03992222249507904
GF 71 36 -0.03671245707664639 0.0012082383036613464
GF 72 36 0.06095453649759293 0.016422001644968987
GF 73 36 0.004402334025750558 -0.06461974357565244
GF 2 37 -1.5709120035171509 -1.294885277748108
GF 4 37 -0.31569985334451006 0.09301079446061829
GF 5 37 -0.212239534956563 -0.3266225161983867
GF 10 37 -0.2756616547703743 0.272122323513031
GF 16 37 0.09174696833151327 -0.1499749699167975
GF 17 37 -0.2328748529595918 -0.22095846452112686
GF 18 37 -1.1079478470178752 0.04528766009025275
GF 19 37 -1.0829915306691469 0.020195701424482057
GF 20 37 -2.0412146061038046 -1.1935785698070607
GF 21 37 -1.667824506785365 -0.821194331261403
GF 22 37 -1.2413802787062198 -0.12678899119510362
GF 23 37 -1.1747677880069303 -0.020014560850394485
GF 24 37 -1.4443449845826006 -0.018752774923994783
GF 25 37 -1.1058883963005255 -0.051799277457967356
GF 26 37 -1.2552931508989689 -0.05707853656123145
GF 27 37 -1.3256174894645971 -0.09650344423543014
GF 28 37 -0.9491301621659974 -0.12392834864912833
GF 29 37 -0.6369146110957828 0.061578629629093266
GF 30 37 -0.7136767846591743 -0.11940393497306924
GF 31 37 -0.9107465843153383 -0.10105730284553803
GF 32 37 -0.7177461458726689 -0.016874905737295377
GF 33 37 -0.9762704003377646 0.011187563026407013
GF 34 37 -1.1042541253905875 -0.2155719072984508
GF 35 37 -1.2143486589157784 -0.2831520944530999
GF 36 37 -0.6027394703708419 0.08374576157763518
GF 37 37 -0.5290247913628754 0.15032784870860044
GF 38 37 -0.5707235518837613 0.0328232682398794
GF 39 37 -0.6900727978657942 -0.3368339570428641
GF 40 37 -0.5659426156717896 -0.1851000433551741
GF 41 37 -0.6165372262596321 0.034814196288591184
GF 42 37 -0.6734382312572466 -0.17905024340830855
GF 43 37 -0.5964241573178205 -0.2983575778683876
GF 44 37 -0.468592283907762 -0.3241576957186682
GF 45 37 -0.6640023490250264 -0.598752130392478
GF 46 37 -0.7340286041453665 -0.5793743878500242
GF 47 37 -0.6796975432602519 -0.4185359796959746
GF 48 37 -0.6542937645797972 -0.38063742498386444
GF 49 37 -0.5921454022586827 -0.16035615854688315
GF 50 37 -0.6411893577413391 -0.1738955646082487
GF 51 37 -0.548850570674691 -0.20880344058006517
GF 52 37 -0.6157436377453879 -0.23276181590705666
GF 53 37 -1.027435136992408 -0.26464687650244817
GF 54 37 -0.9699451552937564 -0.1878737322804101
GF 55 37 -0.9573329040978441 -0.15920064543208212
GF 56 37 -1.011829344470546 -0.13908708859447436
GF 57 37 -1.028704599933877 -0.07606766791919392
GF 58 37 -1.0680346031465813 -0.28830390851686055
GF 59 37 -0.9506218149776501 -0.21983446514297
GF 60 37 -0.7149213747460852 -0.17658663147644907
GF 61 37 0.013468862003907709 -0.015799864192276476
GF 66 37 0.11422508334576642 -0.08512549620012153
GF 67 37 -0.0046981750056147575 0.06365170062053949
GF 68 37 -0.039893411061105624 0.12137955883776562
GF 69 37 0.06882924275047918 0.03269784765124514
GF 70 37 -0.0003597594078873217 -0.051254788656597536
GF 72 37 0.025433136615902185 0.11145862191915512
GF 73 37 0.08997969298313062 0.26429400096336997
GF 74 37 -0.05674466863274574 -0.029221263248473406
GF 4 38 -0.17691762745380402 -0.06659788638353348
GF 5 38 -0.05204245244218575 -0.0818141057003127
GF 6 38 0.046199352387338875 -0.0027177164331078528
GF 16 38 0.07703858726622595 -0.04864652431684815
GF 17 38 -0.5188816373801118 -0.4605883043077351
GF 18 38 -0.8791039996430277 -0.1793646998353356
GF 19 38 -1.2667738595353022 -0.627677164941352
GF 20 38 -1.3787673295677692 -0.38086788568198093
GF 21 38 -1.3684634355847365 -0.5006568428781843
GF 22 38 -0.827615867891911 -0.24180665094967216
GF 23 38 -1.298683204213263 -0.32125637466708323
GF 24 38 -1.5113301389090836 -0.3019673410553483
GF 25 38 -1.9089443907235881 -0.14379359433579653
GF 26 38 -1.8964093414009768 0.10437336411935194
GF 27 38 -1.4145418551323767 -0.12844206920560447
GF 28 38 -1.2225578937159751 -0.14751052804330195
GF 29 38 -1.1870960927169647 0.08676096403963415
GF 30 38 -1.1153265345897903 0.11821976543282271
GF 31 38 -0.8766751254942345 0.08039037203955632
GF 32 38 -0.9108597094807375 0.12550860233668143
GF 33 38 -1.0747100078660985 0.06152293831355039
GF 34 38 -0.9505556600561246 -0.09879463602302112
GF 35 38 -1.1915899328945596 -0.11554591779771728
GF 36 38 -1.0579679564679796 -0.2574569825572447
GF 37 38 -0.8979456507410412 -0.14775970229949853
GF 38 38 -0.6938045482056993 -0.1363352944479872
GF 39 38 -0.5664532153863697 -0.23108858847135463
GF 40 38 -0.6097386684829285 -0.18609570368274364
GF 41 38 -0.11489105732528479 0.002335729447586636
GF 42 38 -0.059243069544678256 -0.017404842180380423
GF 43 38 -0.1786700650934997 -0.09949834737907572
GF 44 38 -0.619386634964383 -0.25734960656921707
GF 45 38 -0.6739261372392549 -0.39823768732012876
GF 46 38 -0.7668452532938393 -0.4705384398221601
GF 47 38 -0.7552574578691041 -0.354333803096705
GF 48 38 -0.5278785795984982 -0.1347363580311221
GF 49 38 -0.5995787843316214 -0.1571693765620217
GF 50 38 -0.6364833959245404 -0.09993955719962465
GF 51 38 -0.8522009105466158 -0.08640442392457348
GF 52 38 -0.9664570543438845 -0.060949178643901834
GF 53 38 -1.0979893278709625 -0.05990281910931649
GF 54 38 -1.076084335161434 -0.14468811985985405
GF 55 38 -0.9850937134784636 -0.06161712112584706
GF 56 38 -1.0847882123809178 -0.08248125568175424
GF 57 38 -0.980261313476495 -0.12679545565861497
GF 58 38 -0.8870049146074267 -0.29123841547447665
GF 59 38 -1.0186258778399964 -0.3510737926407767
GF 60 38 -0.9853144678471966 -0.3691789623729541
GF 61 38 -0.733264838227803 -0.23515946881334723
GF 64 38 0.2732867876469506 0.1381197255287392
GF 65 38 0.03917923476547003 0.3007257084051768
GF 66 38 0.07423044539367159 0.05192249656344448
GF 67 38 -0.47181977331638336 -0.14263251423835754
GF 68 38 -0.22514271549880505 -0.10531405944909368
GF 69 38 -0.8656702588001887 0.22415031027048826
GF 70 38 0.21296539157629013 0.5464946180582047
GF 71 38 0.02258499152958393 -0.04747086018323898
GF 72 38 -0.3076712905118863 -0.15091041522100568
GF 73 38 0.03929085910527243 -0.037716296397977404
GF 74 38 0.03502018563231104 -0.03460672186532368
GF 75 38 0.04990614950656891 0.17921292781829834
GF 78 38 0.015046259012714057 -0.05116582395902905
GF 4 39 -0.17652056027000051 0.0009518038859823851
GF 5 39 -0.28338325502247436 -0.16973604348782428
GF 16 39 0.039183720104795476 -0.07352865052941662
GF 17 39 -0.47520568745511454 -0.12317826039314131
GF 18 39 -0.7004465023305659 -0.10958013602395045
GF 19 39 -1.090526019524466 -0.2638576384565531
GF 20 39 -1.9707442678486604 -0.9433355214711534
GF 21 39 -1.950245445366488 -0.9113921453901439
GF 22 39 -1.527236041928275 -0.7048723711278522
GF 23 39 -0.017450486034662885 -0.10491038926623085
GF 24 39 -0.21633506395108137 0.009856212144337906
GF 25 39 -1.7249622044254502 0.458499835848988
GF 26 39 -1.411124856103739 0.057981860841896674
GF 27 39 -1.2891497210757783 0.2555139844021287
GF 28 39 -1.1794789689200607 0.45054289404482334
GF 29 39 -1.0953354532314181 0.4037350880062765
GF 30 39 -0.38145491048646385 0.06358986748505742
GF 31 39 -0.5861237022105438 0.09158835739280245
GF 32 39 -0.10224769663451024 0.06087762462306521
GF 33 39 -0.37432292300776215 -0.007952532087111618
GF 34 39 -0.6414885119735363 -0.20229469323710486
GF 35 39 -0.6185250344579678 -0.14881458686860516
GF 36 39 -0.6763583448393846 -0.12683660617607997
GF 37 39 -0.7554335368837993 -0.41381214205371525
GF 38 39 -0.6807063901717849 -0.3929057556349649
GF 39 39 -0.2831188635551292 -0.3353855231719763
GF 40 39 -0.4720996125308359 -0.2801868423275422
GF 41 39 -0.7154966727593352 -0.3508615942864189
GF 42 39 -0.4862824291970267 -0.2477276826613952
GF 43 39 -0.005817571721077293 -0.04108562600972027
GF 44 39 -0.2414947638505931 -0.011031319321683877
GF 45 39 -0.6874714951271189 0.03693314326282138
GF 46 39 -0.6500306299220951 -0.3001987347827307
GF 47 39 -0.6125791023271355 -0.23297515214313108
GF 48 39 -0.7407749563622992 -0.12506797595392694
GF 49 39 -0.8110819212950817 0.021423058203174736
GF 50 39 -0.9187006585716618 -0.10852972490312178
GF 51 39 -0.9615038186802954 -0.2623556625893637
GF 52 39 -0.9605926503601357 -0.1987376728587689
GF 53 39 -0.9158198892816952 -0.06505448652344176
GF 54 39 -1.0918689859728237 -0.1335843986546761
GF 55 39 -1.0322921609083908 -0.08930770185968291
GF 56 39 -1.0386974480693247 -0.09349089760512792
GF 57 39 -1.0208355504553346 -0.1314729126429107
GF 58 39 -1.0254317502037094 -0.3720368255504723
GF 59 39 -0.6876147032650567 -0.24882590213973507
GF 60 39 -0.7066153866069749 -0.45505390484449804
GF 61 39 -1.0217292063939234 -0.8274362217571569
GF 62 39 0.07853650550047557 -0.06791519559919834
GF 63 39 0.04287952650338411 -0.08280571860571702
GF 64 39 -0.0486427347429774 0.1365172935819084
GF 65 39 -0.011777481064200401 0.3794087916612625
GF 66 39 0.12162684362071258 0.12536059772699246
GF 68 39 0.17241625860333443 0.06367808766663074
GF 69 39 -0.14886558001550534 -0.22743896204823008
GF 70 39 0.2628587202893363 -0.00619506643852219
GF 71 39 0.023124141437518928 0.05902112772067388
GF 72 39 0.10090349242091179 0.01533128134906292
GF 74 39 -0.051426312586824806 -0.14285725701068128
GF 75 39 -0.01945917564444244 -0.0777829684317112
GF 78 39 -0.361615252494812 0.6033205956220626
GF 3 40 0.2585150692611933 -0.03460723329335456
GF 4 40 -0.03506006548802058 -0.20762240555551317
GF 17 40 -0.526903472840786 0.09150366485118866
GF 18 40 -0.40652507042867436 -0.16900930092211705
GF 19 40 -0.8056565841599639 -0.29391944981782453
GF 20 40 -1.069544312709262 -0.1553517442011895
GF 21 40 -1.471272486618925 -0.5805498982223694
GF 22 40 -1.7323882176891645 -0.6725336377006426
GF 23 40 -1.7939389161146684 -0.43528064609175077
GF 24 40 -1.6601265100527898 0.1074336031750884
GF 25 40 -1.6902539054220576 0.35292418280095966
GF 26 40 -1.6775914757880748 0.40015136104932364
GF 27 40 -1.801544817193637 0.23252058052191069
GF 28 40 -1.1309071119361183 -0.3060851508616979
GF 29 40 -1.0319501815223235 -0.33971709795442895
GF 30 40 -0.08546296695831437 0.04367850403279797
GF 31 40 -0.6121729621334108 0.14828625617971394
GF 32 40 -0.44261716254835687 0.1663276680697509
GF 33 40 -0.3443141505926477 0.11421449182285455
GF 34 40 -0.5068760960505369 -0.04306969804765051
GF 35 40 -0.5928024393443428 -0.12762183651787484
GF 36 40 -0.7691957203472317 -0.1696466199242622
GF 37 40 -0.6802640919974622 -0.2706621126915871
GF 38 40 -0.6178837667345495 -0.26376555504718635
GF 39 40 -0.6398463714153352 -0.3656929090039173
GF 40 40 -0.6267092866793433 -0.421536855436373
GF 41 40 -0.7471504082860323 -0.23522298965062285
GF 42 40 -0.4775848582612453 -0.2631644950561492
GF 43 40 -0.3109072713305569 -0.046625081005088165
GF 44 40 -0.5781443791989684 -0.001145958132810069
GF 45 40 -0.5693673159211335 -0.08167739169303229
GF 46 40 -0.38795337484187875 -0.15037439323050925
GF 47 40 -0.4031379016289426 -0.41253870136955306
GF 48 40 -0.18110316976720825 -0.09998861875577102
GF 49 40 -0.18693380418786826 -0.03699084986926342
GF 50 40 -0.7838489073964348 -0.019060564920775902
GF 51 40 -0.9179564307694179 -0.17412785366968653
GF 52 40 -1.0281924997917489 -0.20920090455600204
GF 53 40 -1.1364983548868226 -0.15264564641466657
GF 54 40 -1.114423681771132 -0.07331978232501024
GF 55 40 -1.1774821208917348 -0.03176813691934029
GF 56 40 -1.1201270478520207 -0.08939418472142673
GF 57 40 -0.9927762047623738 -0.21644943434859598
GF 58 40 -1.102058321607465 -0.2900495196816339
GF 59 40 -1.173276672908269 -0.23876862246081057
GF 60 40 -1.119288788447457 -0.529752200349204
GF 69 40 0.07284404204360076 0.127078888494344
GF 70 40 0.017232966454078753 0.2125622257590294
GF 72 40 0.10654984042048454 0.0465606264770031
GF 75 40 0.1263406928628683 -0.14355154692505798
GF 3 41 0.5630050798257192 0.2963351868093014
GF 4 41 -0.43078638225874977 0.04397697160388094
GF 5 41 -0.16906424908665943 -0.04851497710198881
GF 8 41 -0.5714127421379089 0.43142440915107727
GF 17 41 -0.6879492908716202 -0.3632388062775134
GF 18 41 -0.5818300029859206 -0.0945126682240924
GF 19 41 -0.0643756113713274 -0.0672207779299678
GF 20 41 -0.9106739948089417 -0.35276878091373043
GF 21 41 -1.1938337886663155 -0.2031775758854337
GF 22 41 -1.4676142260809204 -0.5142254316080611
GF 23 41 -1.4451778548933045 -0.6785702802734932
GF 24 41 -1.2233074327902855 -0.4604509522920903
GF 25 41 -1.3914205066683054 -0.5399039138937265
GF 26 41 -0.6789727796361341 -0.10309028442212292
GF 27 41 -0.35299766873129285 0.051427459574643265
GF 28 41 -1.1808054043511895 0.2170049563072909
GF 29 41 -0.9004363742891665 -0.14554945453514065
GF 30 41 -0.7563989346400898 -0.12417157398249051
GF 31 41 -0.3021332319474353 0.015555423404216983
GF 32 41 -0.345512114955099 0.023190844440431915
GF 33 41 -0.3128341780492057 0.0835018791035446
GF 34 41 -0.31277111142677333 0.008480952350286322
GF 35 41 -0.5429777347781222 -0.2856154095634895
GF 36 41 -0.4767019611993448 -0.35696738971479525
GF 37 41 -0.36029814223553297 -0.24118230778150235
GF 38 41 -0.34162084856787966 -0.27935356752403157
GF 39 41 -0.21329456726334484 -0.2597943827009031
GF 40 41 -0.5943610609921871 -0.5176488958193811
GF 41 41 -0.6291951490078279 -0.6012423935448334
GF 42 41 -0.7042328046449775 -0.5317883569470646
GF 43 41 -0.6472612174953988 -0.037786556695254124
GF 44 41 -0.3577608677490414 -0.1127174752746464
GF 45 41 -0.04894857906712696 -0.007436607973385941
GF 46 41 -0.16599567077523444 -0.1930644626317878
GF 47 41 -0.22124475839492092 -0.01727042749528461
GF 48 41 -0.3453977395035088 0.07126583461760715
GF 49 41 -0.9063838189920723 0.13165579434075142
GF 50 41 -0.9229136124183128 0.13583787467250438
GF 51 41 -0.9706545066985128 0.015458217793535936
GF 52 41 -1.0368681997903775 -0.16863138221425475
GF 53 41 -1.1108148509738118 -0.10446199114289613
GF 54 41 -1.1230980653993485 -0.07470743477411045
GF 55 41 -1.049744156206508 -0.0693362803507883
GF 56 41 -0.9771395593046963 -0.26127051319226524
GF 57 41 -1.071132816557118 -0.36092196660972803
GF 58 41 -1.083577203810517 -0.4359873692521816
GF 59 41 -0.9383797047400569 -0.31191554583034514
GF 60 41 -1.1021203616283084 -0.023529705547000464
GF 61 41 -0.9134019613265991 0.16010088101029396
GF 69 41 0.006291530479211363 -0.02087550600990653
GF 70 41 0.03561964314520502 0.16904833525992358
GF 73 41 0.0466014598403126 -0.0033436558096824748
GF 74 41 0.028981929355265557 0.001916764712516685
GF 75 41 0.033305314853378634 0.0628908006598789
GF 3 42 -1.368848443031311 -0.09357891231775284
GF 4 42 0.37814971804618835 0.3401660621166229
GF 17 42 -0.4656207859516144 0.388106107711792
GF 18 42 -0.34871780991628504 -0.15815771380996171
GF 19 42 -0.2915841209089464 -0.052728646798891055
GF 20 42 -0.5691955910065957 0.02081536087857305
GF 21 42 -1.0578033681474528 -0.31828778318671946
GF 22 42 -0.9630705953159289 -0.22615767081828056
GF 23 42 -1.1286154906737127 -0.46136439618573555
GF 24 42 -1.3971376837104235 -0.8412161572033058
GF 25 42 -1.2026645253207897 -0.6390945755819045
GF 26 42 -0.9726269990471595 -0.05848042487899266
GF 27 42 -0.5380092524364176 -0.15115636939730553
GF 28 42 -0.625132561216686 -0.43553064663052116
GF 29 42 0.27421826540547256 -0.0803610610173029
GF 30 42 -0.27117527507730116 -0.4179625354388584
GF 31 42 -0.280032587662525 -0.25184270204670456
GF 32 42 -0.24505985211795095 -0.022137045612539243
GF 33 42 -0.12126890140064017 0.09158137981033598
GF 34 42 -0.14284443886725806 -0.10616542213527426
GF 35 42 -0.4264411797690466 -0.210089253908321
GF 36 42 -0.3048505425476104 -0.2766516817974185
GF 37 42 -0.4500890694221291 -0.24354120345820487
GF 38 42 -0.28865569335553526 -0.17720359803352853
GF 39 42 -0.4719572120262106 -0.39492421311347636
GF 40 42 -0.5865475430151201 -0.4531171180638239
GF 41 42 -0.6816412299403771 -0.4853471135853736
GF 42 42 -0.6712840864000809 -0.3555269971522982
GF 43 42 -0.5790469011347212 -0.24184418258339274
GF 44 42 -0.4297187959574369 -0.1726661984719279
GF 45 42 -0.24019903631375136 -0.1332255943602812
GF 46 42 -0.3091724215035008 0.04214770240194334
GF 47 42 -0.5299828826736456 0.26275158257027204
GF 48 42 -0.7444257418130719 0.3158048075830827
GF 49 42 -0.3361318426606722 0.08459546184215755
GF 50 42 -0.6902832780971113 0.14169824479768747
GF 51 42 -0.9457595351599585 0.2669168430996141
GF 52 42 -0.9853289459458136 0.12919442763978214
GF 53 42 -1.0739217077201386 -0.025126177970913016
GF 54 42 -1.0984681963991092 -0.04635007932725538
GF 55 42 -0.8605483370990737 -0.11295100758745912
GF 56 42 -0.8686904285043664 -0.17142963238222889
GF 57 42 -0.8367329839892818 -0.23931401208771613
GF 58 42 -1.0305650961844477 -0.2270242504199616
GF 59 42 -0.8975812655097701 -0.21647104341464127
GF 60 42 -0.732635887652224 -0.2692677896547487
GF 61 42 -0.522721487181571 -0.14770727794067068
GF 62 42 0.181610825307229 0.18805770370561412
GF 63 42 0.19771004716555277 0.24504507084687552
GF 74 42 -0.047271192809076684 0.007342024157926636
GF 75 42 -0.21375214419102267 0.06303081986653541
GF 1 43 -0.37246695160865784 0.30159345269203186
GF 2 43 -0.3936379181832308 -0.5197085111867636
GF 3 43 -0.37814316982015356 -0.25357596199804294
GF 18 43 -0.3097355056745602 -0.20024490865167746
GF 19 43 -0.9218891576441122 -0.07275158848903801
GF 20 43 -0.45711609908838546 -0.11019020847913633
GF 21 43 -0.763670641933202 -0.22265462020605106
GF 22 43 -0.801638823352089 -0.5487424123820478
GF 23 43 -1.2748764006059352 -0.8813130317334124
GF 24 43 -1.612032758128558 -0.7714193077671201
GF 25 43 -1.2183640366458197 -1.0544579873507
GF 26 43 -1.250590738238874 -0.3465448991123789
GF 27 43 -0.7720939472317696 0.24840661164905345
GF 28 43 -0.5836346625725825 -0.626028231826789
GF 29 43 -0.6194867305057972 -0.5554438694656081
GF 30 43 -0.6605395356333899 0.012833775776025872
GF 31 43 -0.27676739674945694 -0.10058801918899156
GF 32 43 -0.24717917575150228 0.010301417170874795
GF 33 43 -0.4017659780675687 -0.0900086880381119
GF 34 43 -0.18626721262450352 0.0036772307657605675
GF 35 43 -0.5495342159411665 -0.03220722282611518
GF 36 43 -0.2059648088528012 0.01690529628510715
GF 37 43 -0.3061695793246738 -0.03438756152808522
GF 38 43 -0.45993594344180105 -0.16874695709576706
GF 39 43 -0.5025490947831588 -0.1815516176476579
GF 40 43 -0.6051879642575972 -0.37126416178745736
GF 41 43 -0.5249051906249015 -0.4647521246953313
GF 42 43 -0.5990845426594431 -0.1091654147234697
GF 43 43 -0.4500707478004486 -0.09762830312108468
GF 44 43 -0.5351877551307143 -0.20069659669486142
GF 45 43 -0.607884696764836 -0.0700763002332184
GF 46 43 -0.6776809157031591 0.22536565753088192
GF 47 43 -0.8377093988877252 0.2839864289018673
GF 48 43 -0.8697550207375137 0.3089775869053397
GF 49 43 -0.9331179162708111 0.25046518973030935
GF 50 43 -0.9463359450901971 0.2336556342190565
GF 51 43 -0.9561417317252213 0.18127042326444795
GF 52 43 -0.9804237492830249 0.10267077837927674
GF 53 43 -1.027912210015157 0.07338031493582087
GF 54 43 -1.0524260934377363 -0.020428111183129247
GF 55 43 -1.0352281193801596 -0.0761806882931832
GF 56 43 -1.0891178575073728 -0.2611682630457394
GF 57 43 -1.0313949505231046 -0.2533133218859484
GF 58 43 -0.860897764567474 -0.3101607520131566
GF 59 43 -0.8736768767560281 -0.32206573679659345
GF 60 43 -0.7286631187721013 -0.47263473033195835
GF 61 43 -0.24234442336958842 -0.16284529921824425
GF 62 43 -0.5157400685292509 -0.08980566544529063
GF 63 43 -0.8401708293308713 -0.28558621898304354
GF 64 43 -1.1749479720989864 -0.22429079872866473
GF 66 43 0.20223753061145544 0.10952896252274513
GF 67 43 0.17082840204238892 0.0856025442481041
GF 74 43 -0.0499479278922081 0.08552052127197385
GF 77 43 -0.46103251973787945 -0.18550270795822144
GF 2 44 -0.5437644985024491 -0.0786351544798858
GF 15 44 -0.2404954582452774 0.5029814839363098
GF 19 44 -0.04562606414159139 -0.050538221995035805
GF 20 44 -0.8050014212226065 -0.4571756713378888
GF 21 44 -0.385699841243626 -0.12490823521115632
GF 22 44 -0.9875923664597627 -0.3501974953101184
GF 23 44 -0.9889124626899001 -0.326079284728885
GF 24 44 -1.4630720498414096 -0.3630563140123852
GF 25 44 -1.462642996274602 -0.17946975124770098
GF 26 44 -1.2695134373815344 -0.4134824283743071
GF 27 44 -1.165503329265946 -0.3209215403225169
GF 28 44 -0.8533497329632422 -0.35418956148666536
GF 29 44 -0.8980808269991756 -0.46831788692444754
GF 30 44 -0.7889372763353961 -0.43669010786471474
GF 31 44 -0.5623296422220722 -0.3422708768457848
GF 32 44 -0.1940343745094934 -0.0326264315642882
GF 33 44 -0.3296170595797142 -0.13592795005249197
GF 34 44 -0.4968086605529617 -0.07495134747195686
GF 35 44 -0.5346906099459097 0.03085720095668301
GF 36 44 -0.3845438283941113 -0.03398540798109627
GF 37 44 -0.5178168143109486 0.18010822478609728
GF 38 44 -0.23648847564072684 -0.005207246524203178
GF 39 44 -0.3745310646840124 -0.100100928515812
GF 40 44 -0.7367795805010177 -0.16408619067337615
GF 41 44 -0.7205822855679512 -0.4669688009112078
GF 42 44 -0.7846677924900339 -0.17203476631724027
GF 43 44 -0.40621148661175077 -0.03918909879916863
GF 44 44 -0.2246212187193242 -0.04634941802144453
GF 45 44 -0.2799727729261919 0.03885566017091532
GF 46 44 -0.7497753789983099 0.37374031028801447
GF 47 44 -0.8806391593869105 0.5643071761290344
GF 48 44 -0.9013121836733633 0.46067484492236677
GF 49 44 -0.9824868843527516 0.39130572116510726
GF 50 44 -1.1062336434204385 0.1064833380320226
GF 51 44 -0.33200045797162364 -0.026073544841130426
GF 52 44 -0.19468243388570444 0.02404028279156815
GF 53 44 -0.25275732204112666 0.04506136602499199
GF 54 44 -0.9688697798435391 -0.07016817834388264
GF 55 44 -0.7136622071472896 -0.03836724024170223
GF 56 44 -0.5949460960146005 -0.07928626268119303
GF 57 44 -0.7132694821542301 0.15280282578677076
GF 58 44 -0.8039303233608429 -0.387854898743542
GF 59 44 -0.8020502724704903 -0.307057611771106
GF 60 44 -0.701947174788388 -0.26689885447697975
GF 61 44 -0.36940642691973186 -0.40568768386234283
GF 62 44 -0.29281899161660907 -0.4061231029918416
GF 63 44 0.08153936054942937 0.03791576183946996
GF 64 44 0.10583669033188084 0.057663588892095365
GF 68 44 -0.0436365387092034 -0.15786711188654104
GF 70 44 0.23492003977298737 -0.17323312163352966
GF 72 44 -0.7182123064994812 -0.1142781525850296
GF 74 44 -0.03186691487540624 0.03461542619126184
GF 10 45 -0.6852077283275623 -0.08622504267841577
GF 11 45 0.04355308786034584 0.06943088606931269
GF 20 45 -0.9803633520732049 -0.5077566047677297
GF 21 45 -0.7777099535097447 -0.6118672209281283
GF 22 45 -0.9061214007257686 -0.2989304559186541
GF 23 45 -0.5037773246799261 -0.10208890490232836
GF 24 45 -0.8933863425411591 -0.2992913786128671
GF 25 45 -1.4847492221962362 -0.3153336340296716
GF 26 45 -1.1805664868884538 -0.6325181449452782
GF 27 45 -1.0036167853713016 -0.5842163801894078
GF 28 45 -0.9202213715458964 -0.323037708437767
GF 29 45 -1.0404146493477942 -0.3231571917829268
GF 30 45 -0.8722694301662732 -0.15516966931817192
GF 31 45 -0.7893933048731895 -0.14514381653914885
GF 32 45 -1.1652246088575176 -0.06002421503983907
GF 33 45 -0.9721276683691645 -0.027466287419231763
GF 34 45 -0.8786487019243939 0.03576598375856272
GF 35 45 -0.9049775127030064 0.19139362565873191
GF 36 45 -0.7860209233140418 -0.03166083458270355
GF 37 45 -0.6767408193045306 -0.11663030232162588
GF 38 45 -0.6252721667409733 0.01764268703688517
GF 39 45 -0.5688005501404161 0.10093883998320202
GF 40 45 -0.8389460279775246 -0.08601833840520821
GF 41 45 -0.7458130996030298 -0.11177703633615849
GF 42 45 -0.8412986419865449 -0.08558746460779804
GF 43 45 -0.9958271270991814 -0.12480465562147817
GF 44 45 -1.1252023512164155 0.03233757033965844
GF 45 45 -1.104291600684928 0.1944600785528295
GF 46 45 -1.148649861388784 0.32627855320418014
GF 47 45 -1.1250949105344452 0.3176866345363972
GF 48 45 -1.2506330555101284 0.26597980410513844
GF 49 45 -1.3136799816188596 0.07497141100793268
GF 50 45 -1.1899045043838203 -0.15277869864433305
GF 51 45 -1.09270472140235 -0.08648287605852324
GF 52 45 -1.0298265302870673 0.00599573121430885
GF 53 45 -0.8567788700946194 -0.09577733518431346
GF 54 45 -0.2696808815546054 0.009812434831604261
GF 55 45 -0.2717198211399767 0.038278514518024054
GF 56 45 -0.5191089199154497 -0.14720757922371763
GF 57 45 -0.16499535342147784 -0.016197986879962344
GF 58 45 -0.411478365676177 -0.27345810864686687
GF 59 45 -0.11000534942336515 0.0018214424296944499
GF 60 45 -0.43942717774431334 -0.23173953339483075
GF 61 45 -0.12652794853064014 0.046741394551042106
GF 62 45 -0.030387805035228237 -0.11066929568700934
GF 68 45 0.07015378447249532 0.12106768181547524
GF 71 45 0.34699422121047974 0.13359080255031586
GF 72 45 -0.09960491675883532 -0.08293800801038742
GF 20 46 -1.189749905229669 -0.8685382526796477
GF 21 46 -0.9640044114426486 -0.5940885873639583
GF 22 46 -1.3299138504754924 -0.263918020395075
GF 23 46 -0.7031438243471744 -0.0821720187201971
GF 24 46 -0.9063448198494868 -0.28601205404314256
GF 25 46 -0.7362992829523305 -0.2205442813410733
GF 26 46 -0.9617933803898522 -0.2133811243604264
GF 27 46 -0.9684103218540364 -0.4660779352336239
GF 28 46 -1.0923598769901335 -0.6797643153152411
GF 29 46 -1.043819588988689 -0.4293527554920281
GF 30 46 -1.004579157651068 -0.09031507321950975
GF 31 46 -0.7289129661376674 0.24114417864946242
GF 32 46 -0.8198549894877587 0.3053806093640087
GF 33 46 -0.9919936296340367 -0.016303197213329252
GF 34 46 -0.8243644684990105 -0.15195425741832466
GF 35 46 -0.7786810565534499 0.030325911486198332
GF 36 46 -0.8296691405624899 0.06293979578227366
GF 37 46 -0.8356105804069829 -0.05799310294843934
GF 38 46 -0.7586303755076156 -0.08097817240159215
GF 39 46 -0.8344678033634527 0.11935712360501147
GF 40 46 -0.7788696991221306 0.09212608004596139
GF 41 46 -0.5990937469672816 0.06275749662352752
GF 42 46 -0.7498363761011644 0.19756372458132387
GF 43 46 -0.7105005574268165 0.19822806272922508
GF 44 46 -0.8887620870890822 0.1034315096506351
GF 45 46 -0.8439399330748527 0.057302899663424826
GF 46 46 -1.1633276740372178 0.042645932734133134
GF 47 46 -1.0599431816437803 0.06560040201688234
GF 48 46 -1.1770625200226792 -0.22354559287267975
GF 49 46 -1.119738704911466 -0.38985930204445857
GF 50 46 -1.035015566682593 0.07664826862983959
GF 51 46 -1.1049989122890138 0.24731737720605293
GF 52 46 -0.8400587699549233 0.07798489829601776
GF 53 46 -0.3578286854999766 -0.049203184339260936
GF 54 46 -0.7837671743430207 -0.3213169609290054
GF 55 46 -0.623032322453532 -0.1703819740716863
GF 56 46 -0.7485328510311716 -0.078915755028333
GF 57 46 -0.936629927910116 0.10911414577245622
GF 58 46 -0.7809873966405572 0.015220745920681835
GF 59 46 -0.2372338076273224 0.10359428872173679
GF 60 46 -0.261114340871942 0.13084475657809633
GF 61 46 -0.13931966499632137 0.04043125274148059
GF 62 46 -0.39522035691175794 0.17800650919797775
GF 78 46 -0.05134049242647783 0.034127852276264234
GF 79 46 -0.34000124646858737 0.32039839164777234
GF 5 47 -0.09147635363775336 -0.03967129982818193
GF 17 47 -0.28651048243045807 0.05309113394469023
GF 21 47 0.07769955952938358 -0.045653543277428696
GF 22 47 -0.8911309869553976 -0.2920658516190773
GF 23 47 -0.46197849428289467 -0.07972319826005733
GF 24 47 -0.7934574334365962 0.0218854279235163
GF 25 47 -0.6048265189668435 -0.16328416042492144
GF 26 47 -1.0090744437725918 -0.3850426857473566
GF 27 47 -1.1747029738201498 -0.18105230117993515
GF 28 47 -1.2015820024206738 -0.34797458421099925
GF 29 47 -1.35115923509961 -0.6198383295250409
GF 30 47 -1.3118124140675265 -0.29953667483750873
GF 31 47 -1.2192745048255615 0.16905246815101133
GF 32 47 -1.2095781716881862 0.2948106358771988
GF 33 47 -1.015288659631964 0.03293385894678096
GF 34 47 -0.9264244971032418 0.14198496876694422
GF 35 47 -0.8337238539241438 0.22528158958643058
GF 36 47 -0.8104644372626074 0.23811718980600516
GF 37 47 -0.8549911680553538 -0.059704864212708604
GF 38 47 -0.7787301620204414 -0.20357725198496743
GF 39 47 -0.9325488678173559 -0.2116579754093161
GF 40 47 -1.1214049756536828 0.09116255847773398
GF 41 47 -1.07737251820912 0.3088910260807246
GF 42 47 -1.032905752006288 0.23646683023760542
GF 43 47 -0.9769205520183313 0.05585841163546618
GF 44 47 -1.0497790485557053 0.01826698939493888
GF 45 47 -1.0609188954112485 -0.09089489415213968
GF 46 47 -0.413991757697065 -0.045656388050260954
GF 47 47 -0.5013539373782779 -0.5070528364194192
GF 48 47 -0.6465916407701067 -0.429609050223753
GF 49 47 -1.0354818422623422 0.40953468119048825
GF 50 47 -0.9283689930507181 0.378159797998407
GF 51 47 -1.0594381706141132 0.18978258360268943
GF 52 47 -0.9595377115254136 0.30143028405309363
GF 53 47 -0.8772519437246228 0.26134037752974937
GF 54 47 -0.8580591714775936 0.07952510389036282
GF 55 47 -0.8271108911364246 -0.09195144000035284
GF 56 47 -0.8086950295614542 -0.14615199468125814
GF 57 47 -0.9138443560588397 -0.0754323016583464
GF 58 47 -0.7389527074460455 -0.12239656290395302
GF 59 47 -0.773848756340484 -0.0913001440876582
GF 60 47 -0.7875946027193708 0.04413612111920177
GF 61 47 -0.5533595714940583 0.46685518161269446
GF 62 47 -0.35585609056493817 0.5513744852779543
GF 69 47 0.006653548389294883 0.09517427533864975
GF 70 47 -0.7292705178260803 0.14705897122621536
GF 71 47 -0.20051178336143494 0.10117603093385696
GF 78 47 -0.10184188894080845 0.1180863491061962
GF 79 47 -0.6103286445140839 0.011907249689102173
GF 23 48 -0.1542919601003329 -0.2627575546503067
GF 24 48 -0.5663998913530733 -0.09788140278715597
GF 25 48 -0.444083950086005 0.03597489671517483
GF 26 48 -0.5219774537399311 -0.06634390523070144
GF 27 48 -1.1536209003055296 -0.42966380231590223
GF 28 48 -1.4755856335921345 -0.35220712027002626
GF 29 48 -1.5425048676115967 -0.3035442163626261
GF 30 48 -1.6456547052053327 -0.555770793542689
GF 31 48 -1.672427310323152 -0.4821416271682909
GF 32 48 -1.656683544998365 -0.004717979558689375
GF 33 48 -1.4159548836635998 0.36695141697199846
GF 34 48 -0.904815548085333 0.07073948529214116
GF 35 48 -0.6465500047177886 0.05342270966526632
GF 36 48 -0.5722056988252467 0.11054067858983346
GF 37 48 -0.751116990573677 0.09525018377054117
GF 38 48 -0.8178145391488323 0.2762994451424829
GF 39 48 -0.8066127664191953 0.20467451146083004
GF 40 48 -0.8088765626026676 0.21094877783510213
GF 41 48 -0.7600998048522236 0.14495073536753603
GF 42 48 -0.763794513765486 0.09586278190095429
GF 43 48 -0.7834063860204509 0.08295523084344349
GF 44 48 -0.8943252308868035 -0.07796689486458899
GF 45 48 -1.0356602887366066 -0.1543305850575924
GF 46 48 -0.9830537278253915 -0.2182074642159199
GF 47 48 -1.0851200191294794 -0.17921497325017563
GF 48 48 -1.2185203407760636 -0.0002655767066073393
GF 49 48 -1.1492226519189654 0.032017081853912895
GF 50 48 -1.0155791198413104 0.07115130516883217
GF 51 48 -0.8982019021669496 0.07995483344411897
GF 52 48 -0.8389238700333027 0.2134809839804329
GF 53 48 -0.8190040713545451 0.2916682333532915
GF 54 48 -0.9511078813608493 -0.17919970643780522
GF 55 48 -0.6375950230993537 0.4317853210886818
GF 56 48 -0.7235528497731261 -0.5140420971923816
GF 57 48 -0.02023338190047959 0.014741101734022705
GF 58 48 -0.9308111498276491 -0.060500818233309196
GF 59 48 -0.9448522831363255 0.10297968771667362
GF 60 48 -0.6222918946190144 -0.23802600099035529
GF 61 48 -0.1119758699621473 0.20497606268950871
GF 74 48 0.2230415716767311 0.21402088552713394
GF 8 49 -2.4361865520477295 2.3824357986450195
GF 16 49 -0.609717845916748 -2.3013710975646973
GF 23 49 -0.8151297532362499 -0.2361613768848841
GF 24 49 -0.6195052893109655 -0.2570600281039492
GF 25 49 -0.9244526632540815 -0.3290052107800899
GF 26 49 -0.0899524149445895 -0.013541762146842246
GF 27 49 -0.3309413113026875 -0.17209660167041055
GF 28 49 -0.14152359778451828 -0.007861582947025225
GF 29 49 -0.7354077129033277 -0.25572871948021947
GF 30 49 -1.5993120908003995 -0.5566583955463172
GF 31 49 -1.4919585622621112 -0.16677732676478121
GF 32 49 -1.4026387824671258 -0.3895460550689224
GF 33 49 -1.1592961050643158 -0.2985474934031254
GF 34 49 -0.7530830556889605 0.05364146325016059
GF 35 49 -0.942389900647954 0.14932455356526583
GF 36 49 -0.42849854582153313 0.20677370520382365
GF 37 49 -0.4194134624345068 0.23214639892766462
GF 38 49 -0.2712536068500078 0.11209867923622777
GF 39 49 -0.6329418675673588 0.47846516591776306
GF 40 49 -0.4513927721528238 0.34964478718303005
GF 41 49 -0.2141567846183436 0.07905407314745543
GF 42 49 -0.6133654019069911 0.6136795618645975
GF 43 49 -0.6592580938271114 0.5727389842791184
GF 44 49 -0.6688033737127629 0.2586260651973345
GF 45 49 -0.7844432939244853 0.07438190920919131
GF 46 49 -0.8048425037216338 -0.03917319604945159
GF 47 49 -0.952359600442638 -0.1644614449139867
GF 48 49 -0.9845086680111366 -0.12258288634076056
GF 49 49 -0.9283428220993706 -0.1413784632042387
GF 50 49 -1.0273362964841182 -0.21533001280386324
GF 51 49 -1.0069360101136386 -0.2660453451382763
GF 52 49 -0.9138999862009115 -0.06999054569614789
GF 53 49 -0.8937991584648101 0.0671695506940922
GF 54 49 -0.894703476650532 0.18920374821545016
GF 55 49 -0.8474590251633675 0.19279607177793195
GF 56 49 -0.9091622757054997 0.2991463278115081
GF 57 49 -1.0016810777487555 0.09587320856799916
GF 58 49 -0.9233834621653007 0.10400201183437237
GF 59 49 -0.7923556932616104 0.050764540663755645
GF 60 49 -0.8778345627242351 -0.18830234277083066
GF 65 49 -0.2627177760004997 -0.39392058551311493
GF 66 49 0.15987665206193924 -0.11315919831395149
GF 22 50 -0.16724526290055536 -0.09168257895422412
GF 23 50 -0.5539631278506733 0.02169369379542823
GF 24 50 -1.1388082690703167 0.1496220789004813
GF 25 50 -0.9003829531156239 -0.10970497934340122
GF 26 50 -1.0471331196317075 -0.15644943944325973
GF 27 50 -1.1220530332994951 -0.04000596592011929
GF 28 50 -1.3535651587042634 -0.09677281704599251
GF 29 50 -1.3770203128904546 -0.059721220428362524
GF 30 50 -1.3782188117878809 0.1682063243016446
GF 31 50 -1.476466571915959 -0.2703749749229623
GF 32 50 -1.497437767886794 -0.13266960812270476
GF 33 50 -1.2671123741452455 0.015284135989656788
GF 34 50 -0.9973175098947648 0.07826425820214346
GF 35 50 -1.1031371954550322 0.039928067821031664
GF 36 50 -0.6256132030486163 -0.05530007745470151
GF 37 50 -0.8835941050824128 0.25348422961107453
GF 38 50 -0.7396791038544815 0.40701268676724073
GF 39 50 -0.4628830969616132 0.18271747617172882
GF 40 50 -0.7551628281419078 0.17070702237409488
GF 41 50 -0.601033879248133 0.2628394202556917
GF 42 50 -0.8713317708124045 0.4592410939762281
GF 43 50 -0.7087089273923578 0.2814345792086254
GF 44 50 -0.5802115430073902 0.06230779134451944
GF 45 50 -0.8293588387378251 0.10669805876017274
GF 46 50 -0.9235224085032722 0.26502176337488703
GF 47 50 -1.0503310708752247 0.24505057376917358
GF 48 50 -1.0113901309238011 -0.00815619328597389
GF 49 50 -1.061943386689436 -0.044344428148910923
GF 50 50 -0.9662108754691521 -0.13086381417051196
GF 51 50 -1.0869374341393656 -0.0636833525041117
GF 52 50 -1.0471860661821175 -0.06454732588599356
GF 53 50 -1.0570207750943739 -0.005901279560378915
GF 54 50 -1.0858396316087675 0.10236623793295724
GF 55 50 -1.085206742501275 0.012835011165992217
GF 56 50 -0.9920800957471798 0.02490083780201557
GF 57 50 -0.9288484854723364 0.10473461427948971
GF 58 50 -0.7799392977489281 0.16079074805417223
GF 59 50 -0.9164133552377232 0.09040461289282882
GF 60 50 -0.9304247970778965 -0.27984440735221344
GF 61 50 -1.2274617905418082 -0.4415395576506853
GF 64 50 -0.11974522950024241 0.11768131227129036
GF 74 50 0.16749867796897888 0.2567322850227356
GF 75 50 -0.31699373192774755 0.4934550996835309
GF 2 51 -1.933945894241333 0.6662672758102417
GF 7 51 -1.4203838109970093 -3.0443406105041504
GF 22 51 -0.272569644310868 0.05665897434278406
GF 23 51 -0.3272214091397306 0.06569603036053652
GF 24 51 -0.9694276396012701 -0.18365928290074438
GF 25 51 -0.21946370497154327 -0.026261692241846487
GF 26 51 -0.7735263566281372 0.061931700926644934
GF 27 51 -1.078536309391492 -0.03007025152954007
GF 28 51 -1.2448513357584927 -0.1345446006329827
GF 29 51 -1.372970972533838 -0.30814475849184303
GF 30 51 -1.7248330412467923 -0.13608583126827314
GF 31 51 -1.7335834727039379 -0.06145860864198343
GF 32 51 -1.3167382524816758 0.014527007999616745
GF 33 51 -1.1893597126974869 -0.056691238000031334
GF 34 51 -0.8768378752648646 -0.13096387367873996
GF 35 51 -0.991233874294612 -0.05486625365008654
GF 36 51 -1.146624024055802 0.16996719185228315
GF 37 51 -1.01297490918309 0.1603409975901872
GF 38 51 -0.7720063348860849 -0.037616136660580654
GF 39 51 -0.468358705563594 0.13776945673187235
GF 40 51 -0.7394118351805004 0.3189779361628733
GF 41 51 -0.6028405249711697 0.2809912928993268
GF 42 51 -0.7842694123086003 0.35383361052731893
GF 43 51 -0.48549732623157604 0.17998946931157278
GF 44 51 -0.5983067307923898 0.2544281092359311
GF 45 51 -0.7707354739481803 0.3177405691367779
GF 46 51 -0.9095200209158717 0.3878330754454152
GF 47 51 -0.661151906568399 0.230854928346274
GF 48 51 -0.34281850179308354 0.0284341027805623
GF 49 51 -0.5427293961510404 -0.2036034776279659
GF 50 51 -0.29477176300649677 -0.05336326958393422
GF 51 51 -0.5847201335820735 -0.18979860792340808
GF 52 51 -0.6816429834914128 0.037149966910146534
GF 53 51 -0.796557184279724 -0.010492702652668932
GF 54 51 -0.8621956837923579 -0.009558126888631427
GF 55 51 -0.7738670644831965 0.010372021536487438
GF 56 51 -0.959998383399396 -0.01748274123333236
GF 57 51 -0.6451558656550899 0.09651269434017105
GF 58 51 -0.7318891562104194 0.12219553330139112
GF 59 51 -0.7277464188620706 0.18000152054459911
GF 60 51 -0.7672347641550004 -0.20192798491453917
GF 61 51 -0.22409605979919434 0.10347740352153778
GF 65 51 0.06234179064631462 -0.2336292862892151
GF 75 51 -1.5160255432128906 -0.7291892766952515
GF 78 51 0.023940916017939646 0.08690245770849288
GF 4 52 -1.8285820484161377 -1.8860365152359009
GF 5 52 -0.1220327615737915 0.02478208765387535
GF 24 52 -1.213544091386516 -0.14812720027058832
GF 25 52 -1.2768526331312688 -0.10705273274745145
GF 26 52 -0.9431589744116123 0.0726405443074016
GF 27 52 -0.930450490492107 0.07166396094759693
GF 28 52 -0.6875735383085666 -0.021916070093222682
GF 29 52 -0.8887674429404995 0.20818146203008742
GF 30 52 -1.177890154250112 -0.22733394533659462
GF 31 52 -1.1048983143859505 -0.18312105065427936
GF 32 52 -0.5462738515976561 0.034640164853859845
GF 33 52 -0.5721088816305682 0.09025275710852224
GF 34 52 -0.6860629722762233 -0.002227975553045253
GF 35 52 -0.8441019692848806 0.23338998145126494
GF 36 52 -0.7038897830737443 0.16708363192850909
GF 37 52 -0.8951070650603018 0.21182986973042411
GF 38 52 -0.7661767650728952 0.022052126714227526
GF 39 52 -0.7529622397435008 0.23434426467341363
GF 40 52 -0.642813569849692 0.2644925244450285
GF 41 52 -0.7433726069987318 0.06684580161624078
GF 42 52 -0.41197101550992765 0.043721685306574234
GF 43 52 -0.6147675140730406 0.20622466937541187
GF 44 52 -0.4286549013772226 0.232546832872238
GF 45 52 -0.49968793295315006 0.40897390932653893
GF 46 52 -0.6938484819418435 0.35950205394402973
GF 47 52 -0.20775832374499986 0.13217748742511204
GF 48 52 -0.16835528993408946 0.11068836817919782
GF 49 52 -0.6581367014481709 -0.1324562118925926
GF 50 52 -0.2508871992330038 -0.016099687673648055
GF 51 52 -0.07552804597536168 0.10253114214028394
GF 52 52 -0.5928870230774448 0.4855012503986183
GF 53 52 -0.5141354221738731 0.21260719046832502
GF 54 52 -0.6181519884310295 0.30648592414270914
GF 55 52 -0.9512539558769325 -0.09761879866495021
GF 56 52 -0.6460337569951641 -0.035432299337162194
GF 57 52 -0.8535614959889503 0.005773619296091688
GF 58 52 -0.8365559704911771 0.19110925946614857
GF 59 52 -0.9757207174633824 0.16289756654999976
GF 60 52 -0.7904117306073507 0.01801599965741237
GF 65 52 -0.03760486996422211 0.19320478538672128
GF 66 52 -0.006630243547260761 0.10816888362169266
GF 78 52 -0.10220287431155033 0.05178022093955081
GF 79 52 -1.3041340907414753 0.41000670194625854
GF 5 53 -1.2298598885536194 -0.05910244584083557
GF 16 53 -0.4797046333551407 -0.034914655610919
GF 25 53 -0.6054722683942502 0.015852512986234878
GF 26 53 -0.40096611324411624 0.11646992818913639
GF 27 53 -0.5080001651689077 0.08024206800762626
GF 28 53 -0.8961544930663368 0.038483915545873826
GF 29 53 -0.7201822276016286 0.022079155796373574
GF 30 53 -0.9611820293226764 -0.0712936816223305
GF 31 53 -1.011454372040216 -0.3568266250216682
GF 32 53 -0.8549873636673064 -0.013713293266917576
GF 33 53 -0.72055192440282 0.15136423623381176
GF 34 53 -0.6667413110164581 0.11002695420343629
GF 35 53 -0.776698426600355 0.14006141505564856
GF 36 53 -0.5627203409995147 0.18469106347432845
GF 37 53 -0.6740994452397613 0.0117845174700906
GF 38 53 -0.4863564977798628 0.1121534829554011
GF 39 53 -0.5756827892927998 0.3244410950570558
GF 40 53 -0.9279880094116104 0.2368412231878373
GF 41 53 -0.6739475395564241 -0.020877217520427666
GF 42 53 -0.5261571744252799 0.1774941768876182
GF 43 53 -0.6414182395371222 0.26945961526711343
GF 44 53 -0.5518681387917939 0.26269641806382554
GF 45 53 -0.7779595768108606 0.5228092264347923
GF 46 53 -0.778867242274275 0.4235643850200627
GF 47 53 -0.7801026693533324 0.25278102565025
GF 48 53 -0.5743608229653395 0.2840353304181758
GF 49 53 -0.8743576296390109 0.3942178664657341
GF 50 53 -0.3262524076965763 0.20604185418733173
GF 51 53 -0.34617666346624754 0.21123772084424275
GF 52 53 -0.6181336749750136 0.1165006206903769
GF 53 53 -0.36749504016836015 0.04362624787113181
GF 54 53 -0.1428071728010575 -0.01902004956621767
GF 62 53 0.20616551488637924 -0.2518415004014969
GF 65 53 0.06596523523330688 0.07783419243060052
GF 66 53 0.2487504631280899 -0.10683049261569977
GF 67 53 0.15929923951625824 -0.31861552596092224
GF 77 53 -0.04245499792424115 0.03293720370327884
GF 78 53 -0.288550340216786 0.1487331391289795
GF 0 54 -1.8397679328918457 1.233847737312317
GF 27 54 -0.2636960830583623 -0.05174080395653589
GF 29 54 -0.2659004653089288 -0.3860501833631272
GF 30 54 -0.6043556511248124 -0.20032283333646958
GF 31 54 -0.8377708385137907 -0.10080427167783086
GF 32 54 -0.788696161377105 -0.027898309035137542
GF 33 54 -0.3802434232465393 -0.021876661303538613
GF 34 54 -0.42813552160582774 0.05251898609234342
GF 35 54 -0.657328162606212 0.40983920028192466
GF 36 54 0.07178069810053724 0.09938752138024877
GF 37 54 -0.616223571252596 0.5821563038054316
GF 38 54 -0.5999063616120124 0.4742296296494542
GF 39 54 -0.486301233392752 0.43793082634687885
GF 40 54 -0.26253559866494997 0.07311551023892739
GF 41 54 -0.26690344065896365 0.019840540974371386
GF 42 54 -0.587506958511975 0.31664742657385836
GF 43 54 -0.6891436549084626 0.43061558533138233
GF 44 54 -0.8251584688851774 0.49778837014724264
GF 45 54 -0.8987716470558451 0.5004200625934505
GF 46 54 -0.5685375404604861 0.37425479608903356
GF 47 54 -0.2293517115563412 0.15463171207286225
GF 48 54 -0.20316302429786032 0.105938333693675
GF 49 54 -0.5668143538859624 0.33187976434643174
GF 50 54 -0.0631104481330852 0.08842661705808776
GF 51 54 0.03289067650135295 0.029602532713169344
GF 52 54 0.01723197432336969 0.07325581981116507
GF 63 54 0.04140407493987094 0.013618697438182118
GF 64 54 0.1612214254481452 -0.2395611916269575
GF 78 54 -0.16717104278094042 0.33924412026443795
GF 79 54 -0.40019587160783976 -0.01834539414514049
GF 29 55 0.03490077331662178 -0.09572494029998779
GF 30 55 -0.34694594234981274 0.10497759820194041
GF 31 55 -0.5985469651760715 -0.05017565020465219
GF 32 55 -0.7062574914484648 0.033771952236192254
GF 33 55 -0.9973374897451995 -0.1881395641223869
GF 34 55 -0.47464300740834536 -0.12003497112372498
GF 35 55 -0.4123338400783351 -0.08382503299788528
GF 36 55 -0.6447473696354454 0.13472241913277716
GF 37 55 -0.6218162455319626 0.46139758105520423
GF 38 55 -0.26936443256745185 0.2817207308447543
GF 39 55 -0.45453392274430826 0.3753148593095429
GF 40 55 -0.45959839566928795 0.07507408042503422
GF 41 55 -0.3140561982043374 0.13613985165370102
GF 42 55 -0.4483929278576786 0.4185030079720558
GF 43 55 -0.7015086370987784 0.43467213247232195
GF 44 55 -1.054472261714957 0.5295165683194014
GF 45 55 -0.9951752866318136 0.35577970582148044
GF 46 55 0.022922452254810856 0.04084540666474418
GF 47 55 -0.016622635455254553 0.06485136192152502
GF 48 55 -0.019342247001618167 0.09667581620435813
GF 49 55 -0.5496752647036612 0.35179618457518325
GF 50 55 -0.014666446567389784 0.12302696408569345
GF 51 55 0.16125620380043984 -0.29855632334947585
GF 78 55 -0.14612459102396086 0.12423167424763287
GF 79 55 -0.29889726659656163 -0.2310940375422041
GF 0 56 8.04437255859375 0.3262276630848646
GF 1 56 -1.1847169995307922 -0.7381686121225357
GF 2 56 -0.07384910287025075 -0.0481161984304587
GF 23 56 0.052504707127809525 -0.1647946685552597
GF 30 56 -2.8142329454421997 -1.1531586609780788
GF 31 56 -6.089659913380941 -1.9707594292238355
GF 32 56 -6.806196165084839 1.5453970536589623
GF 33 56 -5.070973285008222 0.25663737673312426
GF 34 56 -0.22701264307344024 -0.027295166527619576
GF 35 56 -0.3238570183488715 0.07072663937435172
GF 36 56 -0.21749627201762545 0.04690854821987411
GF 37 56 -0.3771105798250847 0.26482452030986015
GF 38 56 -0.5158591684024684 0.2508481966533135
GF 39 56 -0.3372619082719202 0.1701589986441383
GF 40 56 -0.34207158700621354 0.030879921314580016
GF 41 56 -0.27328330940024326 0.19976677482442987
GF 42 56 -0.3176047552460187 0.26947319135408937
GF 43 56 -0.07117333014361159 0.16734387464229278
GF 44 56 -0.8823625549281898 0.03192700867198015
GF 45 56 -0.6617930009335031 -0.16426337340322278
GF 46 56 -0.47152636761296285 -0.08252718054914931
GF 47 56 -0.46128815349192703 -0.08657937051611954
GF 48 56 -0.5133888962385618 0.4553448073028034
GF 49 56 -1.0976385528391057 0.44559977406805196
GF 50 56 0.07135003060102463 -0.08817882835865021
GF 51 56 0.09100278653204441 0.4060501344501972
GF 71 56 -0.05200682207942009 0.2638518363237381
GF 78 56 0.007212655904292023 0.036334801670374284
GF 1 57 -1.7758705914020538 -0.8667405694723129
GF 2 57 -2.0086140036582947 -0.8905382603406906
GF 3 57 -2.32535982131958 0.09954128414392471
GF 4 57 -1.9230682849884033 -0.14638029038906097
GF 5 57 0.012268505990505219 -0.6203660070896149
GF 14 57 0.08520013093948364 -0.5621431469917297
GF 24 57 0.017983790283324197 -0.5824651718139648
GF 29 57 0.01627359911799431 -0.2671501189470291
GF 34 57 -0.889573581516742 0.35811999153371443
GF 35 57 -0.17302698570838843 -0.060714368451509945
GF 36 57 -0.36664463244060896 0.2612409827055397
GF 37 57 -0.4113349510472177 0.3357715462791461
GF 38 57 -0.5530578482216432 0.4183424624727445
GF 39 57 -0.34500945781028963 0.1677294676476291
GF 40 57 -0.6857128767557741 0.1706370531729607
GF 41 57 -0.5999725887948453 0.35801899175758656
GF 42 57 -0.5596849404353781 0.29735268215881644
GF 43 57 -0.2648238355278465 0.03842022256848505
GF 44 57 -4.68513730466212 -0.6726415828428999
GF 45 57 -11.465024383444531 -1.3180210577556863
GF 47 57 -14.477418537797591 -0.7370388155064448
GF 50 57 0.21347172558307648 -0.2995404899120331
GF 76 57 0.20213320533986445 0.05537175525980139
GF 77 57 0.025801798845715766 0.08096970152388364
GF 78 57 -0.2685717927445167 0.4563265777145525
GF 79 57 -0.29117982874491405 0.10962308702235023
GF 36 58 0.08297194312025676 0.01276040551106948
GF 37 58 -0.3921359624553997 0.23655282861752686
GF 38 58 0.2395968984457708 -0.08346199820793808
GF 39 58 0.02763997942070151 0.06239172080913723
GF 40 58 -0.2920484277277462 0.06154050110789737
GF 41 58 -0.43416875712077857 0.33545739024612203
GF 61 59 -0.030091255420951972 0.06307666615716048
GFEND
