Frame DensityError VelocityError TargetPolarization SimulatedPolarization PolarizationError TargetAngularMomentum SimulatedAngularMomentum AngularMomentumError TargetAspectRatio SimulatedAspectRatio AspectRatioError
1 0.1374 0.3032 0.2048 0.1877 0.0171 0.8989 0.8397 0.0592 0.9513 1.1140 0.1627
2 0.2278 0.2485 0.2048 0.1946 0.0102 0.8989 0.8726 0.0262 0.9513 1.1311 0.1798
3 0.3393 0.2042 0.2006 0.1992 0.0014 0.8986 0.8898 0.0088 0.9516 1.1171 0.1655
4 0.3732 0.1888 0.2034 0.1995 0.0039 0.8988 0.9001 0.0013 0.9678 1.1187 0.1509
5 0.4249 0.1797 0.2073 0.2010 0.0063 0.8950 0.9040 0.0090 0.9857 1.1185 0.1329
6 0.4289 0.1717 0.2096 0.2023 0.0073 0.8940 0.9072 0.0132 1.0012 1.1170 0.1158
7 0.4847 0.1673 0.2171 0.2033 0.0138 0.8896 0.9086 0.0190 0.9984 1.1227 0.1243
8 0.4601 0.1625 0.2235 0.2039 0.0196 0.8863 0.9119 0.0255 1.0135 1.1163 0.1027
9 0.4919 0.1620 0.2311 0.2045 0.0265 0.8837 0.9124 0.0287 0.9875 1.1206 0.1331
10 0.4604 0.1618 0.2383 0.2057 0.0326 0.8797 0.9131 0.0334 1.0180 1.1184 0.1003
11 0.4883 0.1669 0.2383 0.2063 0.0321 0.8798 0.9136 0.0338 1.0274 1.1195 0.0921
12 0.4675 0.1693 0.2474 0.2069 0.0406 0.8765 0.9147 0.0382 1.0421 1.1177 0.0757
13 0.4422 0.1724 0.2487 0.2074 0.0413 0.8736 0.9148 0.0413 1.0403 1.1167 0.0764
14 0.4542 0.1670 0.2518 0.2077 0.0441 0.8719 0.9155 0.0436 1.0474 1.1158 0.0685
15 0.4559 0.1735 0.2520 0.2085 0.0435 0.8678 0.9157 0.0480 1.0953 1.1148 0.0195
16 0.4880 0.1728 0.2576 0.2094 0.0482 0.8656 0.9163 0.0507 1.0804 1.1123 0.0319
17 0.5075 0.1691 0.2536 0.2099 0.0436 0.8681 0.9168 0.0486 1.0637 1.1110 0.0473
18 0.5126 0.1753 0.2548 0.2107 0.0440 0.8660 0.9171 0.0511 1.0611 1.1104 0.0493
19 0.4957 0.1777 0.2573 0.2117 0.0456 0.8634 0.9173 0.0539 1.0859 1.1090 0.0231
20 0.4456 0.1861 0.2650 0.2113 0.0537 0.8582 0.9183 0.0601 1.1053 1.1068 0.0015
21 0.5395 0.1855 0.2716 0.2123 0.0592 0.8550 0.9182 0.0632 1.1339 1.1054 0.0285
22 0.5307 0.1886 0.2731 0.2122 0.0609 0.8534 0.9189 0.0654 1.1307 1.1023 0.0284
23 0.6034 0.1834 0.2733 0.2135 0.0598 0.8522 0.9185 0.0664 1.1485 1.1001 0.0484
24 0.6435 0.1874 0.2798 0.2137 0.0662 0.8483 0.9198 0.0715 1.2886 1.0969 0.1917
25 0.5916 0.1994 0.2839 0.2143 0.0696 0.8471 0.9196 0.0725 1.4023 1.0953 0.3070
26 0.6642 0.2014 0.2924 0.2146 0.0778 0.8452 0.9204 0.0753 1.1320 1.0916 0.0404
27 0.6767 0.2054 0.2907 0.2146 0.0760 0.8426 0.9210 0.0784 1.3768 1.0896 0.2872
28 0.6701 0.2011 0.2962 0.2159 0.0804 0.8394 0.9212 0.0818 1.2858 1.0872 0.1986
29 0.6707 0.2058 0.3004 0.2166 0.0838 0.8412 0.9214 0.0802 1.3583 1.0856 0.2727
30 0.6952 0.2023 0.3027 0.2172 0.0855 0.8365 0.9214 0.0849 1.3183 1.0831 0.2352
31 0.6875 0.2145 0.3099 0.2163 0.0936 0.8303 0.9220 0.0917 1.4775 1.0812 0.3963
32 0.7244 0.2147 0.3159 0.2173 0.0987 0.8273 0.9218 0.0945 1.4978 1.0796 0.4182
33 0.7466 0.2133 0.3220 0.2166 0.1054 0.8232 0.9230 0.0998 1.5364 1.0771 0.4593
34 0.7582 0.2080 0.3222 0.2170 0.1052 0.8228 0.9235 0.1007 1.4273 1.0731 0.3543
35 0.7475 0.2144 0.3251 0.2169 0.1082 0.8182 0.9243 0.1061 1.4867 1.0712 0.4154
36 0.7756 0.2160 0.3263 0.2177 0.1086 0.8165 0.9238 0.1073 1.5017 1.0686 0.4331
37 0.7735 0.2299 0.3348 0.2171 0.1176 0.8118 0.9248 0.1130 1.5306 1.0650 0.4656
38 0.7623 0.2297 0.3388 0.2177 0.1211 0.8098 0.9247 0.1149 1.5444 1.0619 0.4825
39 0.7972 0.2320 0.3405 0.2182 0.1224 0.8108 0.9252 0.1144 1.5024 1.0588 0.4436
40 0.8070 0.2299 0.3399 0.2183 0.1215 0.8096 0.9258 0.1162 1.3851 1.0556 0.3296
41 0.8060 0.2293 0.3412 0.2183 0.1229 0.8084 0.9256 0.1172 1.3769 1.0538 0.3230
42 0.8462 0.2314 0.3472 0.2192 0.1280 0.8069 0.9261 0.1191 1.4060 1.0515 0.3544
43 0.8185 0.2453 0.3500 0.2187 0.1313 0.8035 0.9265 0.1229 1.5481 1.0463 0.5018
44 0.8347 0.2581 0.3702 0.2196 0.1506 0.7913 0.9263 0.1349 1.5291 1.0445 0.4845
45 0.8527 0.2544 0.3712 0.2194 0.1518 0.7895 0.9266 0.1371 1.5291 1.0407 0.4884
46 0.8365 0.2624 0.3844 0.2198 0.1646 0.7850 0.9271 0.1422 1.5449 1.0359 0.5090
47 0.8934 0.2779 0.4017 0.2202 0.1816 0.7712 0.9273 0.1562 1.5839 1.0337 0.5502
48 0.8688 0.2856 0.4262 0.2203 0.2059 0.7546 0.9271 0.1724 1.5247 1.0298 0.4949
49 0.8829 0.3065 0.4487 0.2205 0.2283 0.7364 0.9277 0.1913 1.5039 1.0255 0.4783
50 0.8266 0.3287 0.4699 0.2206 0.2492 0.7178 0.9275 0.2097 1.3721 1.0229 0.3492
