Resolution 30
GroundSize 56.6
FrameTime 0.032974910394265235
TotalFrameCount 93
OverallAverageSpeed 4.3853893 OverallAverageSpeedSTD 0.23255686 
SpeedVSDensity
1 4.856101934634777 0.08694272258662203
2 4.683013849961938 0.05236821384915382
3 3.9898332477596377 0.04381681975627564
4 3.732296068439381 0.03372251589735076
5 3.8018192142404246 0.028058463063232255
6 3.908289841948187 0.024368551065018628
7 4.392018848510323 0.022690636372047327
8 4.900861705303464 0.021737544666169565
9 5.357932902413471 0.039632285470920896
10 8.306001380356799 0.0
SDEND
